   1.7524134007519487e-01   5.4369057728869996e-01  -8.2078683523563567e-01   4.1289943558699110e-01   7.1624090902598625e-01   5.6259489539949825e-01   8.9375865244516317e-01  -4.3749230439529863e-01  -9.8974515782080066e-02
   2.6552459458951772e-01   5.1310051729793660e-01  -8.1622579524091332e-01   3.8768730376712590e-01   7.1832456090557195e-01   5.7767497755882835e-01   8.8272036578173974e-01  -4.6982729204294443e-01  -8.1897182946095038e-03
   3.5394440365998248e-01   4.7922836590338130e-01  -8.0315847280057728e-01   3.6121203176186573e-01   7.2207400349355533e-01   5.9002966161817250e-01   8.6269880446668379e-01  -4.9894820051019845e-01   8.2471000839023034e-02
   4.4036447709654430e-01   4.4206783448746273e-01  -7.8144427633904423e-01   3.3394909930549593e-01   7.2728120485033432e-01   5.9961658428073250e-01   8.3340093975501095e-01  -5.2501245583605938e-01   1.7264065231704337e-01
   5.2198093787142352e-01   4.0458574555188642e-01  -7.5089698028097895e-01   3.0620631212752997e-01   7.3277734246052328e-01   6.0768006449919820e-01   7.9609898562435399e-01  -5.4712680511259637e-01   2.5860909538366300e-01
   6.0069028958627035e-01   3.6514919464343210e-01  -7.1122235738762862e-01   2.7719732120365631e-01   7.3929584933097958e-01   6.1368012211534273e-01   7.4988853912716891e-01  -5.6578062251480266e-01   3.4286945922972251e-01
   6.7273021824635015e-01   3.2366313539202202e-01  -6.6533918285820448e-01   2.4925563732224243e-01   7.4753972749336584e-01   6.1567522532762942e-01   6.9663884525721120e-01  -5.8002287076230874e-01   4.2221770293457572e-01
   1.6345752804383368e-01   5.4099544641055808e-01  -8.2498822021216800e-01   5.0062554046837648e-01   6.7508243697790082e-01   5.4188354054605203e-01   8.5009158609913682e-01  -5.0158511764905844e-01  -1.6048883137600142e-01
   2.5197126114027346e-01   5.0348189095873563e-01  -8.2644810426063453e-01   4.7652716361932762e-01   6.7873822544688722e-01   5.5878106951661277e-01   8.4227806922197568e-01  -5.3462174178930177e-01  -6.8900270782298392e-02
   3.3858033796502679e-01   4.6267971048441381e-01  -8.1932340394349035e-01   4.5111948776381372e-01   6.8433179933502519e-01   5.7287101181557598e-01   8.2574485314969048e-01  -5.6357561509077603e-01   2.2977457906628841e-02
   4.2243033333438956e-01   4.2019795512609492e-01  -8.0311038592888651e-01   4.2496384738898768e-01   6.9080934894962187e-01   5.8496852207289707e-01   8.0059873962637873e-01  -5.8840132725177330e-01   1.1324988387193111e-01
   5.0291461670255411e-01   3.7481473240317914e-01  -7.7883939594787843e-01   3.9849800652624967e-01   6.9905325983015387e-01   5.9373721351742770e-01   7.6699167342385688e-01  -6.0896506984749776e-01   2.0220117854281622e-01
   5.7991778243494108e-01   3.2872075467632750e-01  -7.4541131669754435e-01   3.7111780593905769e-01   7.0793382184081366e-01   6.0091703088599457e-01   7.2523578216378759e-01  -6.2511788435373117e-01   2.8854928683050707e-01
   6.5128337976687145e-01   2.8163370506838431e-01  -7.0463637105169019e-01   3.4401266157396998e-01   7.1809318225208230e-01   6.0497724773735972e-01   6.7637655778141403e-01  -6.3641546003576277e-01   3.7079659425517075e-01
   1.4943263599463008e-01   5.3918652977241599e-01  -8.2882312552900927e-01   5.8470728898872448e-01   6.2777996831212279e-01   5.1381874001391437e-01   7.9736269884109390e-01  -5.6140021152294706e-01  -2.2145547859296169e-01
   2.3513455333148509e-01   4.9524327219631525e-01  -8.3632878891850260e-01   5.6179536563316468e-01   6.3291207249853920e-01   5.3273659123313677e-01   7.9315679974561260e-01  -5.9511041818295385e-01  -1.2940587771584530e-01
   3.2016656292999973e-01   4.4746821611032755e-01  -8.3502429159434199e-01   5.3733888010030328e-01   6.4014987086057340e-01   5.4906745557330461e-01   7.8023092729918297e-01  -6.2448405776947769e-01  -3.5487486211691163e-02
   4.0110561280821416e-01   3.9707437831009768e-01  -8.2549756236066274e-01   5.1313535202840999e-01   6.4910927838828358e-01   5.6155966308925864e-01   7.5881908112041196e-01  -6.4883671505232432e-01   5.6608473991816295e-02
   4.7989796438199411e-01   3.4622283756578692e-01  -8.0611890594993085e-01   4.8743055453585321e-01   6.5875547673017254e-01   5.7310790989382954e-01   7.2945829098509107e-01  -6.6796030467827772e-01   1.4737582260063170e-01
   5.5491332113577863e-01   2.9431724047769720e-01  -7.7810575629772416e-01   4.6139156913689638e-01   6.6940678155440336e-01   5.8224769706574819e-01   6.9223480550709926e-01  -6.8210843915507224e-01   2.3566724693512059e-01
   6.2577894372726628e-01   2.4192853214678658e-01  -7.4153307338303420e-01   4.3459970786473223e-01   6.8129465490042840e-01   5.8903368929798572e-01   6.4770657516461638e-01  -6.9087493697297231e-01   3.2119778011548511e-01
   1.3740947914470153e-01   5.3777125102055312e-01  -8.3181771838364382e-01   6.6201870166178567e-01   5.7480281799996136e-01   4.8097085054018357e-01   7.3678346458863075e-01  -6.1676884000011933e-01  -2.7703126955937929e-01
   2.1775521015111307e-01   4.8801973400637177e-01  -8.4523334510204617e-01   6.4112657526672256e-01   5.8144037874956944e-01   5.0088302072072721e-01   7.3589359484833661e-01  -6.5097144728467682e-01  -1.8627074886112688e-01
   2.9915909645839323e-01   4.3441692437266982e-01  -8.4957976130837087e-01   6.1821850260054512e-01   5.8997314201353646e-01   5.1936266206285520e-01   7.2684917145755745e-01  -6.8059799259273890e-01  -9.2068748390517735e-02
   3.7675853214399257e-01   3.7880695356893729e-01  -8.4531550345686002e-01   5.9516518694082821e-01   6.0028093611288913e-01   5.3426697258311118e-01   7.0981082600252920e-01  -7.0439200000231061e-01   7.0825302857190401e-04
   4.5230527535269704e-01   3.2072889079036909e-01  -8.3219764269102581e-01   5.7149658607787357e-01   6.1212785497409228e-01   5.4652643235817278e-01   6.8469817437280800e-01  -7.2279490021526605e-01   9.3573191851873558e-02
   5.2540463319193509e-01   2.6309082989889104e-01  -8.0915584817979336e-01   5.4653791243666006e-01   6.2450507040128733e-01   5.5793344344326690e-01   6.5210910259696986e-01  -7.3537516429792227e-01   1.8432874448652348e-01
   5.9419868928313813e-01   2.0439226183669051e-01  -7.7791498311543117e-01   5.2147067572551942e-01   6.3846201220346277e-01   5.6606942448031539e-01   6.1236937546922665e-01  -7.4201756197167368e-01   2.7278871991532661e-01
   1.2211358577829447e-01   5.3737381324318378e-01  -8.3445650396461513e-01   7.3372454810099164e-01   5.1730340482856607e-01   4.4050593056935045e-01   6.6838354234852559e-01  -6.6605298001979862e-01  -3.3111458458422455e-01
   1.9917603359371569e-01   4.8298037038915359e-01  -8.5267747094703406e-01   7.1422120431951186e-01   5.2422100716242737e-01   4.6376762171371538e-01   6.7098210031435290e-01  -7.0137172559803551e-01  -2.4054256086890985e-01
   2.7520460425493759e-01   4.2203405752426582e-01  -8.6379956013330306e-01   6.9371575905746208e-01   5.3488191798881368e-01   4.8234819315919158e-01   6.6559813058046702e-01  -7.3197581114283594e-01  -1.4556971000031321e-01
   3.4855783483746505e-01   3.6151364443753714e-01  -8.6476315870815645e-01   6.7234855229446355e-01   5.4638027424234292e-01   4.9941567871503650e-01   6.5303511391115632e-01  -7.5549750549181249e-01  -5.2618050084462069e-02
   4.1972654552093464e-01   2.9807049786473822e-01  -8.5731184833042484e-01   6.5069780020212731e-01   5.5969096210599256e-01   5.1316508040686215e-01   6.3278906422059411e-01  -7.7323994027697240e-01   4.0963336818298703e-02
   4.8954842309564200e-01   2.3402503684859038e-01  -8.3998489484786876e-01   6.2770517437352391e-01   5.7406707865041129e-01   5.2576915397775681e-01   6.0525082032928568e-01  -7.8465232513374827e-01   1.3413490654161628e-01
   5.5630905096768801e-01   1.6997458887604203e-01  -8.1340572837167224e-01   6.0401219009912865e-01   5.8954075698055664e-01   5.3629373487898069e-01   5.7069213593940837e-01  -7.8965203412339324e-01   2.2530013533440854e-01
   1.0869579943094768e-01   5.3839943493141507e-01  -8.3565020891016362e-01   7.9759441348499927e-01   4.5450100910041524e-01   3.9657531983751138e-01   5.9331979131290302e-01  -7.0961600967864136e-01  -3.8002203099843507e-01
   1.7913504519608434e-01   4.7789290945990937e-01  -8.5995872149222352e-01   7.8045480082498742e-01   4.6316522718022834e-01   4.1996223187367265e-01   5.9899994945895130e-01  -7.4638886608726285e-01  -2.9000469156402242e-01
   2.4978039242405600e-01   4.1413923629672023e-01  -8.7527050019982622e-01   7.6176126272857425e-01   4.7398326332749324e-01   4.4165557246749276e-01   5.9777046946687917e-01  -7.7706406366849179e-01  -1.9708350207046108e-01
   3.1923457217466328e-01   3.4570952347594719e-01  -8.8236852465763516e-01   7.4249375596058564e-01   4.8734045463733272e-01   4.5956751803561940e-01   5.8889074562944221e-01  -8.0186296001992219e-01  -1.0111124101744558e-01
   3.8624420722514469e-01   2.7828519083330272e-01  -8.7941615003813289e-01   7.2231143851433621e-01   5.0168843537636754e-01   4.7599884411725402e-01   5.7365634152894152e-01  -8.1906414057293686e-01  -7.2343245120709641e-03
   4.5149929176172282e-01   2.0805860710704707e-01  -8.6767505758050856e-01   7.0166727180281907e-01   5.1791999769723629e-01   4.8930758799152374e-01   5.5119091902847173e-01  -8.2974121989567928e-01   8.7852596925638876e-02
   5.1342781626913836e-01   1.3849748563213710e-01  -8.4688270967984702e-01   6.8071232576083174e-01   5.3518388422439311e-01   5.0020889598623730e-01   5.2251565243386044e-01  -8.3330466009741433e-01   1.8050134742308618e-01
   9.2388555306046727e-02   5.4122437776193044e-01  -8.3578736994804670e-01   8.5404122084702527e-01   3.8848058028041654e-01   3.4597172115523250e-01   5.1193549197392507e-01  -7.4576069329323180e-01  -4.2633676875940824e-01
   1.5700778203527740e-01   4.7559765654683400e-01  -8.6553765109758329e-01   8.3912067245001043e-01   3.9791563297813370e-01   3.7086337929034469e-01   5.2079271639242941e-01  -7.8451897244029167e-01  -3.3660797440616824e-01
   2.2292704594708004e-01   4.0598634432482772e-01  -8.8627231729704303e-01   8.2249170048050402e-01   4.0967895162834161e-01   3.9455108570803865e-01   5.2326946674347208e-01  -8.1690773335454769e-01  -2.4259188024238795e-01
   2.8632804007409052e-01   3.3418569456200281e-01  -8.9796223473899028e-01   8.0532451651602832e-01   4.2382328776154271e-01   4.1451929249339187e-01   5.1910372428403539e-01  -8.4183949913336109e-01  -1.4777544157719821e-01
   3.4979520188629826e-01   2.6074352884199403e-01  -8.9980894022250502e-01   7.8690707633544266e-01   4.3941235956353264e-01   4.3323669220879096e-01   5.0835083352988575e-01  -8.5961013862671087e-01  -5.1476592929579047e-02
   4.0874622713975578e-01   1.8710111330256371e-01  -8.9326350826615397e-01   7.6883287109821075e-01   4.5678514306107987e-01   4.4748558568690400e-01   4.9175455068346674e-01  -8.6967839255647261e-01   4.2859717713627704e-02
   4.6800408081590683e-01   1.1199200374165415e-01  -8.7660137544814942e-01   7.4938593165922074e-01   4.7545540237622658e-01   4.6082847761667473e-01   4.6839396427676117e-01  -8.7258234651475153e-01   1.3858983649572068e-01
   7.8874907881883713e-02   5.4428467793813196e-01  -8.3518437381718769e-01   9.0170897152237306e-01   3.1829619948678284e-01   2.9258923436848167e-01   4.2508784925317283e-01  -7.7617119165429838e-01  -4.6568079374530530e-01
   1.3669896484826982e-01   4.7372593798949586e-01  -8.6999834981762103e-01   8.8917825229969250e-01   3.2845335017560612e-01   3.1855993532722399e-01   4.3666397681360902e-01  -8.1713042559581162e-01  -3.7632756864058076e-01
   1.9428431959947470e-01   4.0119234566977180e-01  -8.9515267129901088e-01   8.7526170427719652e-01   3.4112707748712479e-01   3.4285458438071109e-01   4.4291144959635642e-01  -8.5010412231742505e-01  -2.8487265406734724e-01
   2.5139977657491092e-01   3.2584972279117297e-01  -9.1138362421924202e-01   8.6049672195110816e-01   3.5583924230832004e-01   3.6458719827338737e-01   4.4310669578497947e-01  -8.7589976126858027e-01  -1.9093471229758457e-01
   3.0867909187768189e-01   2.4686922507816975e-01  -9.1857106635625863e-01   8.4471240696728167e-01   3.7278543290976696e-01   3.8404683376616999e-01   4.3723925687558335e-01  -8.9447560431773798e-01  -9.3462428426112854e-02
   3.6412052993183702e-01   1.6881805644030953e-01  -9.1592396163757728e-01   8.2824570696548649e-01   3.9106568332777009e-01   4.0134359371569117e-01   4.2594047538992968e-01  -9.0474753116165008e-01   2.5722133465202451e-03
   4.1721423146547337e-01   9.0374119779492917e-02  -9.0430349083521533e-01   8.1151053273936202e-01   4.1089869990336425e-01   4.1546710299469242e-01   4.0912460243274529e-01  -9.0719059568086735e-01   9.8093235202237131e-02
   6.4541108765283517e-02   5.5020358395372448e-01  -8.3253255881306221e-01   9.4034664194611195e-01   2.4573026103106957e-01   2.3529732636447923e-01   3.3403987525446383e-01  -7.9805554632373743e-01  -5.0152238905347302e-01
   1.1359481551672330e-01   4.7549663516168900e-01  -8.7235266253828403e-01   9.3048336001998166e-01   2.5687603914597956e-01   2.6118081330487930e-01   3.4827709458654715e-01  -8.4137842286487485e-01  -4.1326192048598970e-01
   1.6638460165788738e-01   3.9883878993043814e-01  -9.0180030160671953e-01   9.1870150555519059e-01   2.6951604628638193e-01   2.8870165306901741e-01   3.5819506978987370e-01  -8.7652080434008040e-01  -3.2157047678113559e-01
   2.1584135365940468e-01   3.1845646388305937e-01  -9.2303737229950433e-01   9.0673228715080667e-01   2.8537034258409322e-01   3.1048402054164542e-01   3.6228313442491827e-01  -9.0396307899412343e-01  -2.2716003681704589e-01
   2.6574920463093482e-01   2.3722396665366960e-01  -9.3439935246292050e-01   8.9368256041999694e-01   3.0286957149307714e-01   3.3106117843196137e-01   3.6153677743652168e-01  -9.2303565061632287e-01  -1.3151557418084209e-01
   3.1607754406471755e-01   1.5484586541361325e-01  -9.3601161536720556e-01   8.7953282362500151e-01   3.2206030561268273e-01   3.5028441546106165e-01   3.5569228035515255e-01  -9.3396997677279459e-01  -3.4395990795102992e-02
   3.6292370672038937e-01   7.1749338276618890e-02  -9.2905242885275319e-01   8.6564593770778386e-01   3.4305767324166103e-01   3.6464852030418110e-01   3.4488185459711285e-01  -9.3657005359283463e-01   6.2394239179358699e-02
   5.1596732153318350e-02   5.5617203881701349e-01  -8.2946394766091280e-01   9.6950532498566833e-01   1.7135521481567320e-01   1.7520506607946193e-01   2.3957713174577583e-01  -8.1320972300729499e-01  -5.3037038411931181e-01
   9.3608214460954339e-02   4.7970791572747112e-01  -8.7242066560452181e-01   9.6199192032186709e-01   1.8220315599183076e-01   2.0340490451821236e-01   2.5653274142081411e-01  -8.5830200135792611e-01  -4.4441942694272429e-01
   1.3593453945439044e-01   3.9861048529315307e-01  -9.0699034283595381e-01   9.5345297712959254e-01   1.9608968421474304e-01   2.2907696555367563e-01   2.6916393032135677e-01  -8.9591211441687735e-01  -3.5340099300234040e-01
   1.7769123507366671e-01   3.1505411492788765e-01  -9.3229111850590973e-01   9.4422755787304535e-01   2.1230862691899821e-01   2.5171286397177683e-01   2.7723662083335932e-01  -9.2502213573664027e-01  -2.5975739540218196e-01
   2.2240023553312877e-01   2.3065545214478850e-01  -9.4727831054589862e-01   9.3345463313422761e-01   2.3008496566803421e-01   2.7517877180804579e-01   2.8142598159205884e-01  -9.4544115151045849e-01  -1.6413544990502019e-01
   2.6523165941559884e-01   1.4466194047318812e-01  -9.5327073269988727e-01   9.2231647662159555e-01   2.5011571163330309e-01   2.9457502906134631e-01   2.8104178300739241e-01  -9.5734792723058559e-01  -6.7085485996059499e-02
   3.0789035405049370e-01   5.8004200330140025e-02  -9.4965206398276358e-01   9.1042726929485929e-01   2.7187493851267130e-01   3.1177909669032855e-01   2.7627109368692043e-01  -9.6058291185758282e-01   3.0899065361920944e-02
   3.9874057472692175e-02   5.6433189549612439e-01  -8.2458448400780338e-01   9.8891443439682158e-01   9.5842024727598729e-02   1.1341317268169809e-01   1.4303251721996171e-01  -8.1996574198064243e-01  -5.5425434684434882e-01
   7.0877081692407085e-02   4.8445444321483028e-01  -8.7194055516427049e-01   9.8434920629835132e-01   1.0742594102477410e-01   1.3970077757388166e-01   1.6134769707241955e-01  -8.6819557683989068e-01  -4.6925830946833152e-01
   1.0606929326754948e-01   4.0124292293381053e-01  -9.0980955250055195e-01   9.7843244370710802e-01   1.2098764223361398e-01   1.6742742764579585e-01   1.7725478308654902e-01  -9.0794609268517890e-01  -3.7975601990048458e-01
   1.4101550565046167e-01   3.1543782558231553e-01  -9.3841014772755127e-01   9.7172369413325632e-01   1.3722829850299326e-01   1.9214956765496541e-01   1.8938766967825865e-01  -9.3897144380533415e-01  -2.8716709124125744e-01
   1.7609746670164389e-01   2.2719739076984308e-01  -9.5779487775234928e-01   9.6429425244044353e-01   1.5570337923030908e-01   2.1422663794819816e-01   1.9780363225074829e-01  -9.6132086387617621e-01  -1.9166616744948267e-01
   2.1433474012544715e-01   1.3808627205411134e-01  -9.6695025758595998e-01   9.5545941073244978e-01   1.7597499308254957e-01   2.3691795257513981e-01   2.0287418174365329e-01  -9.7466147111691759e-01  -9.4218273716136239e-02
   2.4932631061600100e-01   4.8573785103688365e-02  -9.6720058841758083e-01   9.4665998731058743e-01   1.9830232532553307e-01   2.5399026791514051e-01   2.0413539443156839e-01  -9.7893655318983097e-01   3.4591283701043002e-03
   2.8000096944355787e-02   5.7221007128577073e-01  -8.1962895805982838e-01   9.9861042153997948e-01   2.0609227678263550e-02   4.8502430106654698e-02   4.4645498797214300e-02  -8.1984809205952214e-01  -5.7083788012316539e-01
   5.1323317522198771e-02   4.9214925775238533e-01  -8.6899656223272348e-01   9.9655066115634339e-01   3.1581196813652207e-02   7.6742476873453105e-02   6.5212704493608303e-02  -8.6993777714362608e-01  -4.8883081640894521e-01
   7.6550478302768385e-02   4.0570977623303556e-01  -9.1079064649377983e-01   9.9357205685449201e-01   4.5362836801749948e-02   1.0371490189568537e-01   8.3394197097587483e-02  -9.1287556134789671e-01  -3.9962935000348837e-01
   1.0263501395128026e-01   3.1878435706854041e-01  -9.4225399314601910e-01   9.8978002832681389e-01   6.1550069654831827e-02   1.2863547120004332e-01   9.9002774893395193e-02  -9.4582668740836628e-01  -3.0920919771171929e-01
   1.3310286083074882e-01   2.2692462500582777e-01  -9.6477398545184345e-01   9.8473549336288591e-01   7.9879985808385068e-02   1.5464538783489543e-01   1.1215897890950664e-01  -9.7063093008270462e-01  -2.1282847792708598e-01
   1.6029717400638310e-01   1.3555495307832283e-01  -9.7771655949027547e-01   9.7947618963996252e-01   1.0077680851946554e-01   1.7455780931545448e-01   1.2219333015327349e-01  -9.8563121377144136e-01  -1.1661861131692673e-01
   1.9089024408783833e-01   4.3293456606132430e-02  -9.8065620445045787e-01   9.7305402225221960e-01   1.2328093302533744e-01   1.9485297362673093e-01   1.2933207062002294e-01  -9.9142699588396077e-01  -1.8593744691215910e-02
   1.9242203434229024e-02   5.8092510109966566e-01  -8.1372954015406018e-01   9.9834029541361491e-01  -5.5350012682512044e-02  -1.5906937150232565e-02  -5.4280679439846533e-02  -8.1207290498352969e-01  -5.8102599324914883e-01
   3.2213977829593871e-02   5.0006944363882355e-01  -8.6538593192352731e-01   9.9895090053468405e-01  -4.4304693092750994e-02   1.1584148259625249e-02  -3.2547779545435356e-02  -8.6485122750026466e-01  -5.0097205145391832e-01
   4.9308897068604265e-02   4.1304863046092555e-01  -9.0937311459281212e-01   9.9871280326572509e-01  -3.1229023171808753e-02   3.9968546444056056e-02  -1.1889880697207634e-02  -9.1017337743206239e-01  -4.1405682430183138e-01
   6.6853812457244047e-02   3.2338225348462535e-01  -9.4390385415631006e-01   9.9773796067315046e-01  -1.4994512700302222e-02   6.5529584316270040e-02   7.0377263170950865e-03  -9.4614960905772516e-01  -3.2365319044959201e-01
   8.5595428806983273e-02   2.3140047904609931e-01  -9.6908577580345512e-01   9.9603986716705395e-01   3.5964789906489441e-03   8.8834950063068074e-02   2.4041746633443866e-02  -9.7285193304844997e-01  -2.3017626025006943e-01
   1.0720778191113953e-01   1.3849621199231882e-01  -9.8454318887566949e-01   9.9345839227678567e-01   2.4250887383349101e-02   1.1158995150076773e-01   3.9330831576730035e-02  -9.9006600473145134e-01  -1.3499034025656814e-01
   1.3191468996326000e-01   4.3145363036688048e-02  -9.9032166098714036e-01   9.8988606923911471e-01   4.6869274964670575e-02   1.3389862206393477e-01   5.2192762891335953e-02  -9.9796881149298378e-01  -3.6526247946514503e-02
   1.1741066317487860e-02   5.9005957736112191e-01  -8.0727432916335362e-01   9.8828909926038500e-01  -1.2968398446670379e-01  -8.0415921656944819e-02  -1.5214073630959121e-01  -7.9687625095572656e-01  -5.8467207648212638e-01
   1.5994964221782291e-02   5.0826911259619112e-01  -8.6104974902744424e-01   9.9144585156611043e-01  -1.1962678230117726e-01  -5.2197283153601698e-02  -1.2953487766580254e-01  -8.5284930798878356e-01  -5.0583472926555584e-01
   2.2242931130940904e-02   4.2189498481533572e-01  -9.0637181873796790e-01   9.9401297732042715e-01  -1.0633889655173660e-01  -2.5104581230092776e-02  -1.0697407598705153e-01  -9.0038695063168639e-01  -4.2173437872538899e-01
   2.9973639040296936e-02   3.3161221926147394e-01  -9.4293950866381782e-01   9.9590719925088456e-01  -9.0381602665696600e-02  -1.2798374794215179e-04  -8.5266824984525147e-02  -9.3907640899772360e-01  -3.3296406205624962e-01
   4.1999952733949818e-02   2.3886332991100595e-01  -9.7014448078323456e-01   9.9705718662358311e-01  -7.2348085358580214e-02   2.5351945629730550e-02  -6.4132445553020556e-02  -9.6835430714629089e-01  -2.4119901587406065e-01
   5.4301475561002850e-02   1.4496466879542239e-01  -9.8794564352140934e-01   9.9754528715042134e-01  -5.1684470898642164e-02   4.7245270153865343e-02  -4.4212552922017041e-02  -9.8808600853820450e-01  -1.4741536519358125e-01
   6.8948585747576674e-02   4.8859581336416602e-02  -9.9642301952285250e-01   9.9728684000569845e-01  -2.9194791076225340e-02   6.7576792802436655e-02  -2.5788588074126258e-02  -9.9837888874196734e-01  -5.0739957030897787e-02
   6.7482371876109778e-03   5.9916394400174844e-01  -8.0059791999675434e-01   9.6853327960935032e-01  -2.0310814189642690e-01  -1.4384147171291456e-01  -2.4879257943921140e-01  -7.7443505273434721e-01  -5.8168084162393818e-01
  -9.7297796180323025e-04   5.1932685656331512e-01  -8.5457513968401400e-01   9.7415025241522246e-01  -1.9255558363865041e-01  -1.1812549652355435e-01  -2.2589895757449491e-01  -8.3259952153580119e-01  -5.0571503606785506e-01
  -2.9768474998074787e-03   4.3362277951695966e-01  -9.0108957571539428e-01   9.7949764690804586e-01  -1.8024695700450119e-01  -8.9974408540531320e-02  -2.0143360712791650e-01  -8.8288295915970838e-01  -4.2419592447928151e-01
  -4.1787393779206079e-03   3.4379650304450804e-01  -9.3903487828279242e-01   9.8418216448510232e-01  -1.6490157615911516e-01  -6.4752894063963368e-02  -1.7711015003841749e-01  -9.2445196450362266e-01  -3.3766930579897569e-01
  -2.1055918660836926e-03   2.5057434584912336e-01  -9.6809506954904845e-01   9.8827032544595439e-01  -1.4730747939770322e-01  -4.0277417450000068e-02  -1.5270013204264041e-01  -9.5682443724843225e-01  -2.4732502089028732e-01
   2.2849182440365860e-03   1.5530253818388909e-01  -9.8786431294093202e-01   9.9173389073374074e-01  -1.2708702491112306e-01  -1.7685532769938703e-02  -1.2829134467583964e-01  -9.7965810859344249e-01  -1.5430917389573348e-01
   8.8109828861003443e-03   5.8772328233535287e-02  -9.9823252802871065e-01   9.9448332751847690e-01  -1.0486243672538129e-01   2.6039684699696716e-03  -1.0452405401800136e-01  -9.9274854963279813e-01  -5.9372041683076436e-02
  -1.9879888532839773e-04   6.0857835586768450e-01  -7.9349375879611650e-01   9.3918745083547639e-01  -2.7237599059688344e-01  -2.0913692151202332e-01  -3.4340485242955282e-01  -7.4528095676446238e-01  -5.7151500663769517e-01
  -1.5192725623876836e-02   5.3055199586487289e-01  -8.4751623038849067e-01   9.4741075131752428e-01  -2.6334057050002346e-01  -1.8183677355443428e-01  -3.1965927074946882e-01  -8.0570858479509988e-01  -4.9864980398210906e-01
  -2.8085266579412852e-02   4.4520996526288908e-01  -8.9498564493056543e-01   9.5528721059556188e-01  -2.5168616357390722e-01  -1.5517867230389393e-01  -2.9434259473225072e-01  -8.5932657464788442e-01  -4.1823471284700953e-01
  -3.7273501728852521e-02   3.5679217032229532e-01  -9.3343989269024419e-01   9.6284573756783853e-01  -2.3718942181383648e-01  -1.2910950324071385e-01  -2.6746732831565634e-01  -9.0357098524483648e-01  -3.3469494006835654e-01
  -4.4846164936813253e-02   2.6434165763674389e-01  -9.6338585703150059e-01   9.6974552665392066e-01  -2.2012400623650302e-01  -1.0554162881584857e-01  -2.3996340351222387e-01  -9.3897226259152677e-01  -2.4647242251128035e-01
  -4.8995589417208350e-02   1.6891365414168105e-01  -9.8441231689885145e-01   9.7613615031475409e-01  -2.0066548874102672e-01  -8.3015526722515359e-02  -2.1156003466239076e-01  -9.6498784400262227e-01  -1.5505100019289955e-01
  -5.0790133654867363e-02   7.2830288410390701e-02  -9.9605025546574721e-01   9.8184067537092745e-01  -1.7888961597917633e-01  -6.3145811278219000e-02  -1.8278197534352858e-01  -9.8116983972443927e-01  -6.2421912055267169e-02
