   1.5638785531106630e-01   1.3400594892615261e-01  -9.7856284640466762e-01   9.0443640977380446e-01   3.7870943900945470e-01   1.9640249866184029e-01   3.9691008980205456e-01  -9.1576283308373274e-01  -6.1974302382355032e-02
   6.8985815880123022e-02   1.1271396974826937e-01  -9.9122980091951440e-01   9.5553725653491517e-01   2.7806621472186871e-01   9.8121004907104542e-02   2.8668712663996992e-01  -9.5392596214477687e-01  -8.8519772735135033e-02
  -2.1858485058784891e-02   9.9898766075683224e-02  -9.9475747957353455e-01   9.8503487018051783e-01   1.7230048081264038e-01  -4.3415250988057272e-03   1.7096347902223297e-01  -9.7996570391432014e-01  -1.0216999555801910e-01
   1.4172950241858276e-01   2.7693213648897880e-01  -9.5037957676069107e-01   9.0823744815848662e-01   3.4547779373136417e-01   2.3611402288104413e-01   3.9372260019808664e-01  -8.9663464455605268e-01  -2.0255574115561212e-01
   5.2997870925308208e-02   2.5823595457661536e-01  -9.6462708724215729e-01   9.5762137285467896e-01   2.6072407224658739e-01   1.2241022997722048e-01   2.8311222497325012e-01  -9.3023499714591529e-01  -2.3347444861405162e-01
  -3.6177853254406089e-02   2.4742790028067030e-01  -9.6823065283877552e-01   9.8524649955366861e-01   1.7100270530638034e-01   6.8854843796317356e-03   1.6727372193846116e-01  -9.5369675942649490e-01  -2.4996398342212525e-01
   1.2844951489874037e-01   4.1515509957121921e-01  -9.0063697760101380e-01   9.1225808767716121e-01   3.0672031230747315e-01   2.7149186265082476e-01   3.8895488631702069e-01  -8.5648636493409336e-01  -3.3933052189877705e-01
   3.9360909139757837e-02   3.9785225881161551e-01  -9.1660476705621974e-01   9.5994744606295856e-01   2.3960618939769032e-01   1.4522318960662473e-01   2.7740154943492162e-01  -8.8560852195584372e-01  -3.7248614230638349e-01
  -4.9934486186419935e-02   3.8795155552665350e-01  -9.2032610397279735e-01   9.8562243569629593e-01   1.6806759741370639e-01   1.7369425773068582e-02   1.6141549287909204e-01  -9.0622672288121919e-01  -3.9076612621178614e-01
   1.8990244512989018e-01   1.1181312327520737e-01  -9.7541523814072728e-01   9.4715441046910687e-01   2.4074031397069270e-01   2.1199675459358244e-01   2.5852578993711306e-01  -9.6412754690068680e-01  -6.0187118594066294e-02
   1.0012865187720829e-01   1.0207370844847190e-01  -9.8972481585379535e-01   9.8450274826606188e-01   1.3377398334691595e-01   1.1339691369728210e-01   1.4397427454174827e-01  -9.8574108133072880e-01  -8.7097237884458431e-02
   1.0199413292857071e-02   1.0510177701639671e-01  -9.9440916550305236e-01   9.9960360687268723e-01   2.5025551432902773e-02   1.2897709199462344e-02   2.6241209872950654e-02  -9.9414653761076621e-01  -1.0480486945237320e-01
   1.9682638261694518e-01   2.5464311468441941e-01  -9.4679261681201632e-01   9.4516713741975855e-01   2.0740811865689765e-01   2.5227158907999309e-01   2.6061169860093869e-01  -9.4453097167801936e-01  -1.9985691404930070e-01
   1.0582709402700526e-01   2.4841064188971088e-01  -9.6285657247886158e-01   9.8355263705308082e-01   1.1638270016015627e-01   1.3812775698375113e-01   1.4637225254716282e-01  -9.6163778009153378e-01  -2.3200849894970793e-01
   1.5273499758929665e-02   2.5185523306310936e-01  -9.6764438808058006e-01   9.9947188943068932e-01   2.3914965587107394e-02   2.2000378606175680e-02   2.8682092722839728e-02  -9.6746938762923840e-01  -2.5135696043146299e-01
   2.0243070836422117e-01   3.9378357801133446e-01  -8.9663610344428490e-01   9.4302190059332680e-01   1.6850531477221389e-01   2.8690704748205015e-01   2.6406723256116010e-01  -9.0362627926710293e-01  -3.3723588792621384e-01
   1.1192154653743459e-01   3.8993695625830715e-01  -9.1401462655948562e-01   9.8234706234111902e-01   9.5326271574035101e-02   1.6095698511579687e-01   1.4989268337861714e-01  -9.1589413803768882e-01  -3.7238435973837219e-01
   1.9863735691890649e-02   3.9354613955917833e-01  -9.1909023933585055e-01   9.9929503921998042e-01   2.1475974873858168e-02   3.0792971496042439e-02   3.1856813944608195e-02  -9.1905398021078466e-01  -3.9284211187704082e-01
   2.1786656975959431e-01   8.3739283494696934e-02  -9.7237949905424437e-01   9.6929996655660722e-01   9.7790889349104931e-02   2.2559813118390681e-01   1.1398128186043498e-01  -9.9167770689882229e-01  -5.9863119074654421e-02
   1.2876202889856633e-01   8.8477538880448500e-02  -9.8772064118736713e-01   9.9167371282485672e-01  -1.3390433731395699e-02   1.2807788090317893e-01  -1.8939921036146262e-03  -9.9598816328214657e-01  -8.9465028898266075e-02
   3.9894247770870112e-02   1.0396911785742460e-01  -9.9378009213645702e-01   9.9203390006893699e-01  -1.2305457289867443e-01   2.6950198565839693e-02  -1.1948719642208441e-01  -9.8693869851205740e-01  -1.0805005909538634e-01
   2.4652025586037837e-01   2.2666310791600505e-01  -9.4225877494475552e-01   9.6144408982897234e-01   6.5067536627067046e-02   2.6719183709504524e-01   1.2187298955664298e-01  -9.7179733030459781e-01  -2.0188343971060049e-01
   1.5586378352473707e-01   2.3314230423440699e-01  -9.5987038029185257e-01   9.8775615949977991e-01  -3.0243082380410926e-02   1.5304615427503077e-01   6.6520940762124295e-03  -9.7197223311388992e-01  -2.3500154829276834e-01
   6.7676426242960289e-02   2.4915153835580209e-01  -9.6609699940840243e-01   9.9157631154644821e-01  -1.2398029518773843e-01   3.7487395016220892e-02  -1.1043694902939882e-01  -9.6049591219333097e-01  -2.5544330672182308e-01
   2.7243052988680899e-01   3.6094525409406031e-01  -8.9190813985105388e-01   9.5292528989462855e-01   2.7012192739465046e-02   3.0199955848087673e-01   1.3309770195172863e-01  -9.3219572246947235e-01  -3.3659491491225574e-01
   1.8370391267239133e-01   3.7052846938173650e-01  -9.1047324279546105e-01   9.8279338692537699e-01  -5.1106994027464936e-02   1.7749713737754519e-01   1.9236192050427550e-02  -9.2741400061628587e-01  -3.7354148414372224e-01
   9.3970530811060285e-02   3.8773927944461856e-01  -9.1696662453704159e-01   9.9079725289436382e-01  -1.2654764156782050e-01   4.8026014519268967e-02  -9.7418391467269660e-02  -9.1304104266423358e-01  -3.9606276196398393e-01
   1.5216230141369613e-01  -1.4497400056198359e-02  -9.8824918892964364e-01   9.0667980618954180e-01   4.0005862477986642e-01   1.3373416088395823e-01   3.9341881383149718e-01  -9.1637488078343354e-01   7.4018340920108963e-02
   6.4012784214057553e-02  -3.7193053581172676e-02  -9.9725575467002059e-01   9.5689067017622753e-01   2.8597913398595826e-01   5.0756085884655244e-02   2.8330656326116732e-01  -9.5751376579658043e-01   5.3896006560754904e-02
  -2.5358219587180531e-02  -4.7968940587792976e-02  -9.9852688568623615e-01   9.8550640534525213e-01   1.6639331645713309e-01  -3.3021042713332165e-02   1.6773218451700814e-01  -9.8489199660535431e-01   4.3054259950336647e-02
   1.3897441536621616e-01   1.3242149300646078e-01  -9.8140239456787481e-01   9.1026157112931716e-01   3.7321602277873644e-01   1.7925867473126120e-01   3.9001279978842379e-01  -9.1824525510952770e-01  -6.8670717704371401e-02
   5.0732178881762346e-02   1.1142654616517535e-01  -9.9247688680170731e-01   9.5890006601988531e-01   2.7235197629203584e-01   7.9593117773349792e-02   2.7917182775661475e-01  -9.5572408456600189e-01  -9.3029913294105329e-02
  -4.0750324305043856e-02   1.0059223871343538e-01  -9.9409285913321654e-01   9.8573822612656481e-01   1.6663046314575011e-01  -2.3546513641852968e-02   1.6327755700612023e-01  -9.8087485963422072e-01  -1.0594786036377071e-01
   1.2463967211821661e-01   2.7568352567312004e-01  -9.5313354038492470e-01   9.1472194742601542e-01   3.4022086234089566e-01   2.1802184231212821e-01   3.8438094519814658e-01  -8.9902633915834484e-01  -2.0976875474704021e-01
   3.6422442849888485e-02   2.5625181930738061e-01  -9.6592360503225316e-01   9.6136289969586242e-01   2.5493129635037132e-01   1.0388170786756663e-01   2.7286403344011861e-01  -9.3238674338644334e-01  -2.3706577148971422e-01
  -5.2401612939054390e-02   2.4754052674259816e-01  -9.6745943510897814e-01   9.8621304619098527e-01   1.6510296890928622e-01  -1.1173055984674505e-02   1.5696464087202222e-01  -9.5470660272009045e-01  -2.5277935880641200e-01
   1.8575414601299228e-01  -3.4854645238643608e-02  -9.8197787701366890e-01   9.4888822474342382e-01   2.6587881927666818e-01   1.7005760907209994e-01   2.5515982086186356e-01  -9.6337615040301539e-01   8.2461255462238328e-02
   9.5183417334103085e-02  -4.7053085546730759e-02  -9.9434708437503549e-01   9.8547857921004645e-01   1.4555068733429297e-01   8.7446940110347912e-02   1.4061325322582494e-01  -9.8823125054667560e-01   6.0223819707846557e-02
   5.2908458323584770e-03  -4.5473148140766764e-02  -9.9895155025083471e-01   9.9973007347322873e-01   2.2840160064724509e-02   4.2552651422083946e-03   2.2622713002443798e-02  -9.9870442068030596e-01   4.5581717497516633e-02
   1.9171595947720466e-01   1.1134088239479523e-01  -9.7511445419975384e-01   9.4726177594084893e-01   2.3896068884404265e-01   2.1352497987020108e-01   2.5678808134943476e-01  -9.6462479601901663e-01  -5.9656384253045792e-02
   1.0264089189069413e-01   1.0106223025725108e-01  -9.8957125712467642e-01   9.8448409943181270e-01   1.3201764660131429e-01   1.1559584314231811e-01   1.4232324222633377e-01  -9.8608202833297842e-01  -8.5943749748910822e-02
   1.2759406954775183e-02   1.0350782859755055e-01  -9.9454679475285779e-01   9.9961717020215424e-01   2.3099855105160147e-02   1.5228582703548420e-02   2.4550164382355112e-02  -9.9436036028853303e-01  -1.0317346226457000e-01
   1.9926131444484144e-01   2.5481627983486826e-01  -9.4623654130287793e-01   9.4497385485500562e-01   2.0569637707215024e-01   2.5438831360709807e-01   2.5945971210611091e-01  -9.4485854178840389e-01  -1.9980739176342868e-01
   1.0750892119091672e-01   2.4781960105753609e-01  -9.6282255748193257e-01   9.8356134989465538e-01   1.1481076375312055e-01   1.3937560589941159e-01   1.4508240023437835e-01  -9.6197917537653044e-01  -2.3140259999430207e-01
   1.8375245227139181e-02   2.5087522659011863e-01  -9.6784501395946587e-01   9.9945494367535137e-01   2.1943800550970487e-02   2.4663438127691683e-02   2.7425643579353620e-02  -9.6777068063706884e-01  -2.5033526274482859e-01
   2.1341195474176045e-01  -6.2899222656791376e-02  -9.7493539548139929e-01   9.7068260889796454e-01   1.2661676646567327e-01   2.0431218082341057e-01   1.1059208993568082e-01  -9.8995549507992964e-01   8.8076713180668162e-02
   1.2426553954489343e-01  -6.0337398795957439e-02  -9.9041277959654506e-01   9.9223494845335958e-01   2.2445103254490287e-03   1.2435742535594127e-01  -5.2804118566788108e-03  -9.9817551586879594e-01   6.0147791070722580e-02
   3.5340832384092927e-02  -4.6498146143385856e-02  -9.9829301709048746e-01   9.9177722817139047e-01  -1.2131160373531932e-01   4.0760575067560922e-02  -1.2299981807739747e-01  -9.9152479404419980e-01   4.1828549443340045e-02
   2.4142127734355434e-01   8.1307745014649740e-02  -9.6700817858301458e-01   9.6326935555189452e-01   1.0067173443566818e-01   2.4895250659583942e-01   1.1759215747848134e-01  -9.9159177713731905e-01  -5.4016960421789710e-02
   1.5287937252220438e-01   8.5049743854244783e-02  -9.8457830492426812e-01   9.8824190777719145e-01  -1.0722952780620338e-02   1.5252196561991160e-01   2.4143674355930791e-03  -9.9631900481421676e-01  -8.5689039415167020e-02
   6.4564842867907424e-02   9.8736483533826094e-02  -9.9301686183307936e-01   9.9128096580611214e-01  -1.2088378718659210e-01   5.2432402442845666e-02  -1.1486264795809029e-01  -9.8774400368455895e-01  -1.0568043948269035e-01
   2.6823219621710032e-01   2.2309974825644605e-01  -9.3716486876134109e-01   9.5474134377830433e-01   6.8230546892366559e-02   2.8950571488515742e-01   1.2853192363357999e-01  -9.7240479986406803e-01  -1.9470092400492736e-01
   1.7862393567838067e-01   2.2988570283598034e-01  -9.5668492892611867e-01   9.8381287740518952e-01  -2.7556213057088736e-02   1.7706743736123193e-01   1.4342658557158602e-02  -9.7282743523893223e-01  -2.3108671401002939e-01
   9.1006596895308656e-02   2.4529035605766325e-01  -9.6516860731513598e-01   9.9058508696649872e-01  -1.2182888257851554e-01   6.2441243175034099e-02  -1.0226917815797752e-01  -9.6176419386187117e-01  -2.5406820069445274e-01
   1.4578038533950799e-01  -1.6115833624800335e-01  -9.7610248944874689e-01   9.0864498278135075e-01   4.1204905752357696e-01   6.7674732804875806e-02   3.9129576347891115e-01  -8.9679627834403264e-01   2.0650438404970592e-01
   5.8075308692282876e-02  -1.8611799851883098e-01  -9.8080953765124046e-01   9.5804508153881940e-01   2.8660799447469931e-01   2.3407781758130082e-03   2.8067219359882029e-01  -9.3979569488827508e-01   1.9495428081961003e-01
  -3.2708933934277235e-02  -1.9763136348794430e-01  -9.7973055980038659e-01   9.8576403849308314e-01   1.5537342424670134e-01  -6.4252310866314499e-02   1.6492236371908486e-01  -9.6788477785516902e-01   1.8973579193594267e-01
   1.3386306626527733e-01  -1.5622552772576077e-02  -9.9087669027731495e-01   9.1242560736924005e-01   3.9213683306474589e-01   1.1708208731836327e-01   3.8673012619516950e-01  -9.1977423316747631e-01   6.6747056071777708e-02
   4.5522962962606779e-02  -3.8227795266230560e-02  -9.9823158410871160e-01   9.6015291639406186e-01   2.7750104840038264e-01   3.3159391982759655e-02   2.7574270068867263e-01  -9.5996448049173766e-01   4.9337199060601633e-02
  -4.4982095907529725e-02  -4.8645523443585852e-02  -9.9780269798024968e-01   9.8611721346350967e-01   1.5765193108396430e-01  -5.2141249855172038e-02   1.5984196056958380e-01  -9.8629583882037952e-01   4.0878673741636770e-02
   1.2012140958914184e-01   1.3024222965262650e-01  -9.8417874828378071e-01   9.1696894294364839e-01   3.6535226428659096e-01   1.6026752839383332e-01   3.8044553438715084e-01  -9.2171290790341709e-01  -7.5541450668502527e-02
   3.2658705051138194e-02   1.1099329888890266e-01  -9.9328439864227236e-01   9.6258791523964204e-01   2.6398008275188667e-01   6.1147537521198558e-02   2.6899426465815546e-01  -9.5812055792163564e-01  -9.8219560521070365e-02
  -5.7665646877007475e-02   1.0058660171708717e-01  -9.9325576198946119e-01   9.8661407348934149e-01   1.5775495976957929e-01  -4.1304269281368981e-02   1.5253636669013024e-01  -9.8234195076007369e-01  -1.0833719866171432e-01
   1.7820103621976974e-01  -1.8291347382597287e-01  -9.6684386111880305e-01   9.5100445591988936e-01   2.8430526658073491e-01   1.2149502135878722e-01   2.5265572526803165e-01  -9.4112335880445142e-01   2.2461502176371112e-01
   8.9026804326515080e-02  -1.9531701944600302e-01  -9.7669109242694419e-01   9.8642926938738895e-01   1.5310516914894973e-01   5.9296742538973837e-02   1.3795479189673024e-01  -9.6871568021509868e-01   2.0629688872624533e-01
  -8.3295056661682730e-04  -1.9388673291107200e-01  -9.8102356801170887e-01   9.9980427024323237e-01   1.9230268727215168e-02  -4.6495126709047620e-03   1.9766825661987068e-02  -9.8083542532157220e-01   1.9383276564476623e-01
   1.8728174945599568e-01  -3.6131337696931415e-02  -9.8164151947487055e-01   9.4906158747013147e-01   2.6443743834739619e-01   1.7133284678934638e-01   2.5339228383945794e-01  -9.6372577408539772e-01   8.3815170787431698e-02
   9.8031092587631111e-02  -4.7322020525321001e-02  -9.9405760962807177e-01   9.8544761605759545e-01   1.4399301475742327e-01   9.0327225726629948e-02   1.3886288522307277e-01  -9.8844657826028659e-01   6.0749164875363325e-02
   6.7385270370801126e-03  -4.6134068117169906e-02  -9.9891252870926128e-01   9.9975703431954566e-01   2.1276191287019731e-02   5.7615981207091334e-03   2.0987248079654252e-02  -9.9870865193172209e-01   4.6266229312151366e-02
   1.9478910643686020e-01   1.0961104130922887e-01  -9.7470129969988029e-01   9.4704130260433650e-01   2.3762145953781225e-01   2.1598336308290367e-01   2.5528410678107455e-01  -9.6515359481806107e-01  -5.7520111567716810e-02
   1.0487306359630152e-01   1.0179196921904866e-01  -9.8926236941189349e-01   9.8440739697438595e-01   1.3063381126396770e-01   1.1780018733755418e-01   1.4122222669976126e-01  -9.8619126053578354e-01  -8.6504799455307202e-02
   1.4642571533844278e-02   1.0321575562071232e-01  -9.9455120677143705e-01   9.9962286364064556e-01   2.1599265422131173e-02   1.6958838996209178e-02   2.3231994872400893e-02  -9.9442444636325666e-01  -1.0286056041738743e-01
   2.0834103461392980e-01  -2.0733096407866322e-01  -9.5582837613779281e-01   9.7204679740979383e-01   1.5206118306180719e-01   1.7889220287985733e-01   1.0825450079032202e-01  -9.6638049853049912e-01   2.3321598384026457e-01
   1.1877023482305379e-01  -2.0804242507027659e-01  -9.7088206322444470e-01   9.9288853270711430e-01   1.6884648525592551e-02   1.1784426274910847e-01  -8.1236038055959997e-03  -9.7797405794583614e-01   2.0856833183914608e-01
   2.9726274273849735e-02  -1.9549299701324091e-01  -9.8025447549938616e-01   9.9159202017219439e-01  -1.1779776654902789e-01   5.3562596341921301e-02  -1.2594290035020939e-01  -9.7360473207295073e-01   1.9034760712059318e-01
   2.3702186960458557e-01  -6.4514938888654436e-02  -9.6935981760610457e-01   9.6476158163375492e-01   1.3298422343471525e-01   2.2704688264981970e-01   1.1426164681415234e-01  -9.8901618741942676e-01   9.3761703747633499e-02
   1.4802454552535793e-01  -6.3001442031077604e-02  -9.8697495015021297e-01   9.8898315104378498e-01   8.3902896969513321e-03   1.4779015525503092e-01  -1.0299871436696693e-03  -9.9797816676558881e-01   6.3549333479414855e-02
   5.8658616014519674e-02  -4.9793193525581265e-02  -9.9703550821712728e-01   9.9124417403471077e-01  -1.1544821219143411e-01   6.4083521626441070e-02  -1.1829689010919101e-01  -9.9206468951390758e-01   4.2585180640314982e-02
   2.6295860769732249e-01   8.0837314430331833e-02  -9.6141463439744768e-01   9.5670470972995558e-01   1.0702468987981616e-01   2.7066919687443286e-01   1.2477527406664739e-01  -9.9096470388799485e-01  -4.9194375997385499e-02
   1.7513267585467196e-01   8.3075758575852102e-02  -9.8103362031330466e-01   9.8449163560783193e-01  -4.4177838988970460e-03   1.7537588945929408e-01   1.0235490520648764e-02  -9.9653344224991725e-01  -8.2561087755263510e-02
   8.6918673836555771e-02   9.7038762426994385e-02  -9.9147799911300705e-01   9.9050042489308943e-01  -1.1486951001030948e-01   7.5590369469927324e-02  -1.0655539603935187e-01  -9.8862959406272466e-01  -1.0610124088938853e-01
   4.1477403989320710e-01   1.4798683685549038e-01  -8.9780977492349412e-01   7.7403569103090220e-01   4.6133478071449063e-01   4.3363460322422009e-01   4.7836308891989437e-01  -8.7479718576400278e-01   7.6802597211279286e-02
   3.3594051101329109e-01   1.1811908347362451e-01  -9.3444735281313718e-01   8.6012408108481997e-01   3.6583072977729636e-01   3.5546370038107034e-01   3.8383660351524823e-01  -9.2315532781323439e-01   2.1300294174417842e-02
   2.5317282263022783e-01   9.6293222351334612e-02  -9.6261681743601346e-01   9.2622861606153328e-01   2.6313705622767275e-01   2.6992487923229797e-01   2.7929209202943650e-01  -9.5994088618468121e-01  -2.2570386810813269e-02
   3.8280612914442685e-01   2.9041312785731760e-01  -8.7699468793008595e-01   7.6768914725835791e-01   4.2809161244861249e-01   4.7685526581226140e-01   5.1391909934462943e-01  -8.5580242259488626e-01  -5.9070913396767122e-02
   3.0352070266265258e-01   2.6163373629505804e-01  -9.1620028983157298e-01   8.5561057939119134e-01   3.4829707874098104e-01   3.8290949501725507e-01   4.1929192633419549e-01  -9.0013161980500778e-01  -1.1814121862488484e-01
   2.1894668949843446e-01   2.4016432243730737e-01  -9.4571848104280232e-01   9.2352437885517369e-01   2.6179954688504281e-01   2.8029220272949418e-01   3.1490485677080615e-01  -9.3476312265675865e-01  -1.6447746259941759e-01
   3.4437630515732348e-01   4.2702539482233465e-01  -8.3609465530107285e-01   7.6472330303454783e-01   3.8902629704234176e-01   5.1366994267277832e-01   5.4461291780687837e-01  -8.1627682337939367e-01  -1.9258483162369092e-01
   2.6577568357188830e-01   3.9949842707450645e-01  -8.7736212180996886e-01   8.5277185868014294e-01   3.2702010924825370e-01   4.0723212691347754e-01   4.4960365108071548e-01  -8.5642212425430442e-01  -2.5376702311891230e-01
   1.8119627195634644e-01   3.7871761078562260e-01  -9.0760172008979323e-01   9.2092294049652534e-01   2.5847061964493806e-01   2.9170854709383282e-01   3.4506354298354203e-01  -8.8868774609600143e-01  -3.0193582305260452e-01
   4.4738835960475043e-01   1.2885857044249788e-01  -8.8500797991525826e-01   8.2304006412577380e-01   3.2786385370396254e-01   4.6379989896315127e-01   3.4992671880554221e-01  -9.3589570052324889e-01   4.0626705602158614e-02
   3.6674726076454789e-01   1.1089867183305473e-01  -9.2368713929953838e-01   8.9603238697010634e-01   2.2496287875557064e-01   3.8277625929863995e-01   2.5024469669176624e-01  -9.6803573682363142e-01  -1.6864282077073880e-02
   2.8119739514772035e-01   1.0379752424570343e-01  -9.5401996777981524e-01   9.4897518639116429e-01   1.1779047178279435e-01   2.9252606784873375e-01   1.4273794371501966e-01  -9.8759884503661188e-01  -6.5378901079465077e-02
   4.3485457495790286e-01   2.7251941705854371e-01  -8.5827423703863626e-01   8.1160789669713995e-01   2.9430188667717133e-01   5.0465733078704356e-01   3.9012064884728598e-01  -9.1603469739105958e-01  -9.3200389047705112e-02
   3.5359236459721927e-01   2.5735739250099166e-01  -8.9929951196675173e-01   8.8881133404633672e-01   2.0719149438848977e-01   4.0876166298203098e-01   2.9152504552665481e-01  -9.4384260190889602e-01  -1.5548083693023571e-01
   2.6818776940350797e-01   2.4997292245177147e-01  -9.3037028025581936e-01   9.4559490764777643e-01   1.1633926354994445e-01   3.0383457075726189e-01   1.8418900882778938e-01  -9.6123811503579992e-01  -2.0517235493472108e-01
   4.1578906345377620e-01   4.1046997644641414e-01  -8.1156259964854893e-01   8.0229395712427598e-01   2.5470133269721956e-01   5.3986260982228618e-01   4.2830346843575928e-01  -8.7558073845781914e-01  -2.2341555310129627e-01
   3.3551721692580855e-01   3.9737362842189328e-01  -8.5412083254137938e-01   8.8219948835344808e-01   1.8544179991212184e-01   4.3282259829434350e-01   3.3038199087612785e-01  -8.9872439506234192e-01  -2.8834389507072017e-01
   2.4981867048381770e-01   3.9077669753690186e-01  -8.8593690776479705e-01   9.4218811784410550e-01   1.1291560880976090e-01   3.1548631647109915e-01   2.2332080617595690e-01  -9.1353359979218851e-01  -3.3997673387990351e-01
   4.7723840909633203e-01   1.0542437147803740e-01  -8.7242719053320539e-01   8.5211709740955088e-01   1.8715213896281782e-01   4.8874382777070835e-01   2.1480212565410828e-01  -9.7665745211926935e-01  -5.1772036250056185e-04
   3.9555504940254560e-01   9.9843714985522816e-02  -9.1299914319239062e-01   9.1152973067503340e-01   7.9055727516984267e-02   4.0356380169963524e-01   1.1247112068282987e-01  -9.9185756261907410e-01  -5.9739622426813632e-02
   3.1078048486138027e-01   1.0774363985136111e-01  -9.4435522887359746e-01   9.5047155244664994e-01  -3.0634301405319454e-02   3.0929818552177674e-01   4.3952495925346060e-03  -9.9370662051180303e-01  -1.1192780767991081e-01
   4.8461952845442791e-01   2.4947726535702291e-01  -8.3839430264678516e-01   8.3506167561950484e-01   1.5339610791854769e-01   5.2833855811116603e-01   2.6041488158734794e-01  -9.5615413409419703e-01  -1.3399015375177648e-01
   4.0270662947333341e-01   2.4597495016895315e-01  -8.8165962506378193e-01   9.0132549992274480e-01   6.1279641552331433e-02   4.2878566757790798e-01   1.5949831901070866e-01  -9.6733713327908566e-01  -1.9702577702463045e-01
   3.1896171881524049e-01   2.5296731647950360e-01  -9.1338434337555086e-01   9.4634210036169397e-01  -3.2168859678821063e-02   3.2156149264173606e-01   5.1962015101843492e-02  -9.6693986434530799e-01  -2.4965425637555816e-01
   4.8455775696966730e-01   3.8629869010151241e-01  -7.8484208742038120e-01   8.1926272731433203e-01   1.1407543687351848e-01   5.6195674062653389e-01   3.0661435679695009e-01  -9.1529236680307302e-01  -2.6120398059375166e-01
   4.0267550455019119e-01   3.8618536612606696e-01  -8.2988752311703340e-01   8.9164935392967104e-01   3.9455893690658952e-02   4.5100405994832382e-01   2.0691512190279626e-01  -9.2157696121547372e-01  -3.2845401030403620e-01
   3.1796758984870904e-01   3.9273840220363571e-01  -8.6293288223380293e-01   9.4282494025833030e-01  -3.5088534174263060e-02   3.3143615794957715e-01   9.9888657177272688e-02  -9.1898059947097732e-01  -3.8144057723750963e-01
   4.2359113922869485e-01   1.3648427066738256e-03  -9.0585246258500740e-01   7.9299616738144918e-01   4.8281596543852506e-01   3.7154518168857703e-01   4.3786713199927341e-01  -8.7572077782935553e-01   2.0343424980243627e-01
   3.4498791210453406e-01  -3.1323559976330115e-02  -9.3808431129198755e-01   8.7449933615662123e-01   3.7375564848457798e-01   3.0912396588990082e-01   3.4093144701447231e-01  -9.2699813905761486e-01   1.5633361321333372e-01
   2.6143948713391568e-01  -5.2545894666276349e-02  -9.6378852634842849e-01   9.3612899887486534e-01   2.5710160534160359e-01   2.3991928225199260e-01   2.3518480400037783e-01  -9.6495476240313471e-01   1.1640624761074081e-01
   3.9684156430671613e-01   1.4410271699366203e-01  -9.0650492541058070e-01   7.8589756260393606e-01   4.5689034478934137e-01   4.1667281400574718e-01   4.7421703251969965e-01  -8.7777310268276088e-01   6.8063105092913426e-02
   3.1772719143522371e-01   1.1503006901072861e-01  -9.4117879015948502e-01   8.6943993680039600e-01   3.6070022649094274e-01   3.3759375424599730e-01   3.7831683562750557e-01  -9.2556114321678984e-01   1.4592533982183157e-02
   2.3393334740749100e-01   9.4253911041862717e-02  -9.6767318306545991e-01   9.3320347921989277e-01   2.5747124182031145e-01   2.5067873066415902e-01   2.7277546690018473e-01  -9.6167809577260255e-01  -2.7726968254159247e-02
   3.6607519940691186e-01   2.8621002633497300e-01  -8.8547883611327727e-01   7.8041319343125237e-01   4.2388407210845130e-01   4.5964936737821455e-01   5.0689663235972049e-01  -8.5930560002719192e-01  -6.8188634421604055e-02
   2.8685239495174669e-01   2.5841827752943658e-01  -9.2246175928824625e-01   8.6533339825444799e-01   3.4321998376282753e-01   3.6523711833718936e-01   4.1099125705525247e-01  -9.0300611104497164e-01  -1.2516449192794193e-01
   2.0173445659043121e-01   2.3844991864601828e-01  -9.4997097077851356e-01   9.3053298216458136e-01   2.5599893292983866e-01   2.6186430730948307e-01   3.0563307760786435e-01  -9.3680637414382062e-01  -1.7024170827224996e-01
   4.5652093209883876e-01  -1.8437287160155788e-02  -8.8952161581255629e-01   8.3531670890353771e-01   3.5310390189134233e-01   4.2138299716015093e-01   3.0632439403705647e-01  -9.3540242725325584e-01   1.7660029645090347e-01
   3.7521948326872134e-01  -3.6461538036813484e-02  -9.2621860034202719e-01   9.0376302982831558e-01   2.3642131726556320e-01   3.5681556392337815e-01   2.0596777731260876e-01  -9.7096628004601993e-01   1.2166247458644580e-01
   2.8955594511955801e-01  -4.4318458085737714e-02  -9.5613452448848568e-01   9.5214738207423377e-01   1.1544638127154258e-01   2.8299734249722008e-01   9.7840264999144944e-02  -9.9232454737560971e-01   7.5625889883616043e-02
   4.4964371093988498e-01   1.2860114394246069e-01  -8.8390173604813049e-01   8.2254613183850223e-01   3.2614471979812626e-01   4.6588355062753439e-01   3.4819304158717085e-01  -9.3653156248174152e-01   4.0868548613600932e-02
   3.6930318153886937e-01   1.1052850768861529e-01  -9.2271263624890087e-01   8.9546482331928712e-01   2.2319321168389342e-01   3.8513314640002871e-01   2.4851138867872019e-01  -9.6848760407470191e-01  -1.6548427436390217e-02
   2.8409738291651399e-01   1.0335061919726754e-01  -9.5320896267897537e-01   9.4835680760086760e-01   1.1601201242427696e-01   2.9522970455284425e-01   1.4109586279220801e-01  -9.8785619524544666e-01  -6.5054554168878245e-02
   4.3747101959387036e-01   2.7268385953877528e-01  -8.5689125317191617e-01   8.1084980256853922e-01   2.9235748305419451e-01   5.0700069011469506e-01   3.8876947499779341e-01  -9.1660821229642830e-01  -9.3207727473027177e-02
   3.5609662765622807e-01   2.5643457213270310e-01  -8.9857470584641930e-01   8.8831896203971228e-01   2.0550450732715944e-01   4.1067909509604783e-01   2.8997347025641623e-01  -9.4446239082524530e-01  -1.5461623092066487e-01
   2.7109160292104068e-01   2.4921792656177127e-01  -9.2973101911571832e-01   9.4503145624002727e-01   1.1454895646064771e-01   3.0625819709949037e-01   1.8282475090248107e-01  -9.6164908446586039e-01  -2.0446551983994157e-01
   4.8604858288046932e-01  -4.0850121865479400e-02  -8.7297654185176332e-01   8.5731862130831238e-01   2.1613203467081138e-01   4.6721700006214467e-01   1.6959232482014816e-01  -9.7550920607272118e-01   1.4007223932480947e-01
   4.0367372448731104e-01  -4.6725774450688130e-02  -9.1370904896500094e-01   9.1241126452960719e-01   9.4217641432302920e-02   3.9828221200854258e-01   6.7477466742802861e-02  -9.9445449269683472e-01   8.0666309182065368e-02
   3.1872018496215604e-01  -4.1942499472219480e-02  -9.4692041399249205e-01   9.4697308380779854e-01  -2.8844825921746808e-02   3.2001555362371387e-01  -4.0736006692326750e-02  -9.9870356100074398e-01   3.0524989814834216e-02
   4.9900111847374456e-01   1.0498012083754227e-01  -8.6021919182897011e-01   8.3913184874821467e-01   1.8940976758056347e-01   5.0988398715931460e-01   2.1646159977777826e-01  -9.7627000065248948e-01   6.4235229923350744e-03
   4.1643253260108193e-01   1.0009396067394101e-01  -9.0363994202782560e-01   9.0173589135612398e-01   8.1343234186533914e-02   4.2456526058104394e-01   1.1600141392079642e-01  -9.9164735530766035e-01  -5.6384347825419769e-02
   3.3316229553580717e-01   1.0508902402574638e-01  -9.3699476085121636e-01   9.4282979479015783e-01  -2.8012150323317084e-02   3.3209531386367425e-01   8.6523343243324179e-03  -9.9406821519631172e-01  -1.0841365526150289e-01
   5.0403372441490779e-01   2.4883850426230691e-01  -8.2706070118760622e-01   8.2194250682368564e-01   1.5589780516907845e-01   5.4781966906990509e-01   2.6525557511357395e-01  -9.5591593413854248e-01  -1.2595319262013660e-01
   4.2460793330677121e-01   2.4548850823107440e-01  -8.7146055292218116e-01   8.9002261883005374e-01   6.3340601353541678e-02   4.5149496806837613e-01   1.6603566166292266e-01  -9.6732794880880635e-01  -1.9159540315336870e-01
   3.3863930609767007e-01   2.5181604719375122e-01  -9.0659367896616316e-01   9.3903171824211884e-01  -2.9496119625095883e-02   3.4256300305537385e-01   5.9521865738083345e-02  -9.6732551775644637e-01  -2.4645180095970320e-01
   4.2729122479632003e-01  -1.4776230430680548e-01  -8.9195768433149569e-01   8.1281019132559640e-01   4.9481532026076658e-01   3.0740428056954894e-01   3.9593156238080884e-01  -8.5634344760801273e-01   3.3153295107653191e-01
   3.4738496172637923e-01  -1.8019661046699495e-01  -9.2024609205503771e-01   8.8935598428127494e-01   3.7441657133844436e-01   2.6240839226337437e-01   2.9727028373089592e-01  -9.0958309828369688e-01   2.9032562017015118e-01
   2.6264762425892019e-01  -2.0142005503251265e-01  -9.4363456215944341e-01   9.4598925273275580e-01   2.4638325549408918e-01   2.1071218551914811e-01   1.9005409541829540e-01  -9.4801120923902238e-01   2.5525318405829811e-01
   4.0691180596626420e-01  -3.8341522270796125e-03  -9.1345940328072228e-01   8.0421561267114938e-01   4.7573364360672366e-01   3.5625096305363002e-01   4.3319744978617025e-01  -8.7958103641300178e-01   1.9666512116129817e-01
   3.2691017317403986e-01  -3.5226301998812416e-02  -9.4439866916615611e-01   8.8361029537037084e-01   3.6584039775339794e-01   2.9222191787598889e-01   3.3520528723575455e-01  -9.3001070478738246e-01   1.5072327089759965e-01
   2.4258011905555893e-01  -5.5347748700642518e-02  -9.6855124415425775e-01   9.4285434754693032e-01   2.4853062087979333e-01   2.2194190635604655e-01   2.2843065720441832e-01  -9.6704144544009829e-01   1.1247345309130813e-01
   3.8129804570562276e-01   1.4073402695345621e-01  -9.1367704031486785e-01   7.9765150738299295e-01   4.4950551990070797e-01   4.0211548135881764e-01   4.6729420402002864e-01  -8.8212171565847919e-01   5.9138867532526666e-02
   3.0133509059334807e-01   1.1174643889473586e-01  -9.4694767361847587e-01   8.7887904625249025e-01   3.5262768003864708e-01   3.2128700771875984e-01   3.6982264024179407e-01  -9.2906751781821884e-01   8.0474902722501261e-03
   2.1701345989848267e-01   9.1868302762947385e-02  -9.7183608348854034e-01   9.4003708083800819e-01   2.4868626619137510e-01   2.3342113798314934e-01   2.6312629072832222e-01  -9.6421748374277449e-01  -3.2391344095398011e-02
   4.5823215752512464e-01  -1.6405425037703533e-01  -8.7356138464511968e-01   8.4912810623136858e-01   3.7126354681570256e-01   3.7569247798399380e-01   2.6268755017662848e-01  -9.1391989897312864e-01   3.0942797100964842e-01
   3.7647914321062381e-01  -1.8481522516767393e-01  -9.0780327564600549e-01   9.1239830780189990e-01   2.4383915232145573e-01   3.2874275005752507e-01   1.6060131583404105e-01  -9.5204296139479749e-01   2.6042545384619886e-01
   2.9092126798508144e-01  -1.9262581333822071e-01  -9.3715532963844383e-01   9.5533879250065890e-01   1.1161177021686863e-01   2.7362493360883533e-01   5.1890339923101721e-02  -9.7490415364016436e-01   2.1649314963254421e-01
   4.5803324600801132e-01  -1.8356441993033330e-02  -8.8874551283746062e-01   8.3503455173437580e-01   3.5173045493103672e-01   4.2308744307031387e-01   3.0483248344153657e-01  -9.3592132581289245e-01   1.7643250530302801e-01
   3.7625163452456939e-01  -3.7564845346633131e-02  -9.2575568586516022e-01   9.0373382665177904e-01   2.3509954429696897e-01   3.5776161733295220e-01   2.0420548005115313e-01  -9.7124512182324041e-01   1.2240520925041094e-01
   2.9262204872824743e-01  -4.4668856543293833e-02  -9.5518429104189018e-01   9.5139070024396388e-01   1.1395078507254539e-01   2.8613100857937324e-01   9.6062854878366313e-02  -9.9248169345155368e-01   7.5842046887942050e-02
   4.5167814856317412e-01   1.2818793545210436e-01  -8.8292395103716059e-01   8.2207122872452421e-01   3.2474503807922134e-01   4.6769600719513943e-01   3.4667815768215737e-01  -9.3707444391971961e-01   4.1300623949928901e-02
   3.7029461195744900e-01   1.1025904883995462e-01  -9.2234746300089687e-01   8.9542463887249579e-01   2.2184340535291111e-01   3.8600546576633432e-01   2.4717729761315674e-01  -9.6882838813193994e-01  -1.6581251289466036e-02
   2.8492159284676322e-01   1.0396324629683129e-01  -9.5289628467587584e-01   9.4829072727841890e-01   1.1448877157598739e-01   2.9603550081162416e-01   1.3987273675534750e-01  -9.8796961724662713e-01  -6.5967059280548357e-02
   4.8727979537457683e-01  -1.8423882363039507e-01  -8.5358916165038023e-01   8.6432791914459794e-01   2.4109872295676024e-01   4.4137133343227919e-01   1.2448152154789617e-01  -9.5285227693274033e-01   2.7672529544154983e-01
   4.0585159670879573e-01  -1.9314443707688161e-01  -8.9329709944406266e-01   9.1368769020024387e-01   1.0866519237111660e-01   3.9162058263514582e-01   2.1430964174864169e-02  -9.7513440222012593e-01   2.2057563641828823e-01
   3.2263467163377602e-01  -1.8960642974401196e-01  -9.2733827186172690e-01   9.4252495848828188e-01  -2.5603673978117091e-02   3.3315334983380496e-01  -8.6911283999423994e-02  -9.8152628781839157e-01   1.7044815937703811e-01
   5.0624816735885902e-01  -4.0529238886440944e-02  -8.6143495044088036e-01   8.4518281671170947e-01   2.2185095921614212e-01   4.8625935284592564e-01   1.7140244858536025e-01  -9.7423792406689014e-01   1.4656625781120086e-01
   4.2586104164365812e-01  -4.6846727736836825e-02  -9.0357498709876272e-01   9.0201996823920449e-01   1.0004721450529205e-01   4.1994110511770283e-01   7.0727293938930985e-02  -9.9387923761897901e-01   8.4862894848062281e-02
   3.4198874021962605e-01  -4.3070285181103930e-02  -9.3871649186397654e-01   9.3899902300240290e-01  -2.3025793396446684e-02   3.4314814240936314e-01  -3.6394180352434684e-02  -9.9880666966780041e-01   3.2568393629283141e-02
   5.1733979947216946e-01   1.0533861795604009e-01  -8.4927222222866017e-01   8.2663206870197781e-01   1.9528810878805761e-01   5.2777076231965647e-01   2.2144740882562439e-01  -9.7507247429772848e-01   1.3954031364504281e-02
   4.3787057592414247e-01   1.0019111525362630e-01  -8.9343779815054536e-01   8.9066984107724689e-01   8.6930897281310704e-02   4.4626253852782349e-01   1.2237889088928246e-01  -9.9116333644969978e-01  -5.1172722642129471e-02
   3.5440423030810903e-01   1.0492014800244802e-01  -9.2918749673188206e-01   9.3494952863627612e-01  -2.2394465889734028e-02   3.5407325061393469e-01   1.6340760157392279e-02  -9.9422846994071623e-01  -1.0603173636614954e-01
   1.5931236096284679e-01  -1.6482059198017263e-01  -9.7337235634866315e-01   9.2325036601689459e-01   3.7403827445178595e-01   8.7773178675494293e-02   3.4961168929844677e-01  -9.1264973659363713e-01   2.1175959246619894e-01
   7.0816800799999149e-02  -1.8468937284635756e-01  -9.8024222327038768e-01   9.6879525260316035e-01   2.4674584246527431e-01   2.3499952333588828e-02   2.3753050174247570e-01  -9.5131820374873577e-01   1.9639993879389755e-01
  -1.8884225482798701e-02  -1.9353518263782504e-01  -9.8091157558123410e-01   9.9251032164055331e-01   1.1480209092061192e-01  -4.1758129235164546e-02   1.2069236705309884e-01  -9.7435343330928881e-01   1.8991771779778938e-01
   1.5405499159589800e-01  -1.7863072605539401e-02  -9.8790078965525552e-01   9.2502698540376094e-01   3.5400942895116105e-01   1.3784919473288176e-01   3.4726378423212934e-01  -9.3507124586887103e-01   7.1060743804290311e-02
   6.5382661262089428e-02  -3.7605013739658945e-02  -9.9715142809300905e-01   9.6985440868217376e-01   2.3748103860995678e-01   5.4636821471304921e-02   2.3474993837280991e-01  -9.7066400945042564e-01   5.1998530667565837e-02
  -2.6446594325462331e-02  -4.4541988171301172e-02  -9.9865739317261959e-01   9.9264903118930725e-01   1.1685751841634517e-01  -3.1499543941210205e-02   1.1810367702791923e-01  -9.9214934948288980e-01   4.1124078022050328e-02
   1.4742935625577588e-01   1.2813534719887840e-01  -9.8073743566371008e-01   9.2736223237420068e-01   3.2685649196016003e-01   1.8211019639063972e-01   3.4389515099801377e-01  -9.3634724673153213e-01  -7.0639639426687509e-02
   5.7263949864605576e-02   1.1117203879502749e-01  -9.9214999764957956e-01   9.7120163135076210e-01   2.2401147151773401e-01   8.1155726169373402e-02   2.3127522847793899e-01  -9.6822499369651482e-01  -9.5142683764232891e-02
  -3.2096983517934476e-02   1.0452315712304452e-01  -9.9400437286466747e-01   9.9293901729579392e-01   1.1696808601373954e-01  -1.9762965008943326e-02   1.1420110148642085e-01  -9.8762005674212228e-01  -1.0753944364731699e-01
   1.9273788578283543e-01  -1.8683891506825551e-01  -9.6329815073012581e-01   9.5882671409582187e-01   2.4453179144546436e-01   1.4441445671635880e-01   2.0857478208108490e-01  -9.5147013762313548e-01   2.2627668349001173e-01
   1.0256289717916629e-01  -1.9517744640958157e-01  -9.7539049438430026e-01   9.9033174077991637e-01   1.1210691783528677e-01   8.1701176107153731e-02   9.3401795090006678e-02  -9.7433967556828294e-01   2.0478843055079365e-01
   1.2132252608504373e-02  -1.9134245904072605e-01  -9.8144835412511211e-01   9.9961631701803555e-01  -2.2121134632750301e-02   1.6669557698357738e-02  -2.4900345337817837e-02  -9.8127402837882538e-01   1.9100066500211357e-01
   2.0646488605634944e-01  -4.1977508995036210e-02  -9.7755313899772778e-01   9.5532638974065243e-01   2.2458612272532469e-01   1.9212642333707575e-01   2.1147988058165343e-01  -9.7354967116104474e-01   8.6471370356855037e-02
   1.1657644533427797e-01  -4.8892933265812288e-02  -9.9197752669598727e-01   9.8845711819979387e-01   1.0301752969447327e-01   1.1108516577745756e-01   9.6759794715475286e-02  -9.9347716111258022e-01   6.0337985335159980e-02
