599275013;46.0613; 58.943; 1039.29; 0.0982497;-0.0436867;-0.994202;-0.194155;-0.98068;0.0239054;-0.976039;0.190681;-0.104833;0.215343
599277998;46.0621; 58.9447; 1039.28; 0.0982095;-0.0437141;-0.994205;-0.194397;-0.980631;0.0239143;-0.975994;0.190922;-0.104805;0.214278
599280983;46.0606; 58.9481; 1039.27; 0.0981342;-0.0436689;-0.994215;-0.194155;-0.980679;0.0239103;-0.97605;0.190685;-0.104717;0.215081
599283968;46.0576; 58.9518; 1039.26; 0.0980632;-0.0437039;-0.99422;-0.19438;-0.980634;0.0239343;-0.976012;0.19091;-0.104659;0.21447
599286953;46.0546; 58.9564; 1039.25; 0.0979708;-0.0436835;-0.99423;-0.194175;-0.980675;0.023954;-0.976063;0.190708;-0.10456;0.214475
599289938;46.0527; 58.9609; 1039.24; 0.0980187;-0.0437226;-0.994224;-0.194458;-0.980618;0.0239529;-0.976001;0.190987;-0.104621;0.215383
599292924;46.05; 58.9656; 1039.23; 0.097922;-0.0437142;-0.994234;-0.194349;-0.98064;0.0239752;-0.976033;0.190881;-0.104522;0.214799
599298894;46.0431; 58.973; 1039.24; 0.0982692;-0.04384;-0.994194;-0.194003;-0.980706;0.0240695;-0.976067;0.190511;-0.104878;0.215527
599301879;46.0411; 58.9749; 1039.23; 0.0983235;-0.0439163;-0.994185;-0.194125;-0.980681;0.024121;-0.976037;0.190624;-0.104949;0.214292
599304864;46.04; 58.9778; 1039.21; 0.0982222;-0.0439272;-0.994195;-0.193937;-0.980716;0.0241716;-0.976085;0.190436;-0.104847;0.214742
599307849;46.0391; 58.9791; 1039.22; 0.0984408;-0.0440256;-0.994169;-0.193646;-0.980772;0.0242579;-0.97612;0.190129;-0.105073;0.214857
599310834;46.0388; 58.979; 1039.21; 0.0985673;-0.0441425;-0.994151;-0.194125;-0.980676;0.0242974;-0.976012;0.190595;-0.105232;0.215091
599313819;46.038; 58.9799; 1039.21; 0.0987085;-0.0441632;-0.994136;-0.193614;-0.980776;0.0243456;-0.9761;0.190075;-0.105361;0.215462
599316804;46.0367; 58.9801; 1039.21; 0.0987493;-0.0442296;-0.994129;-0.193742;-0.980749;0.0243895;-0.97607;0.190196;-0.105417;0.214079
599319789;46.0368; 58.9796; 1039.21; 0.0988302;-0.0442561;-0.99412;-0.193507;-0.980795;0.0244253;-0.976109;0.189956;-0.105496;0.214146
599322774;46.036; 58.9785; 1039.2; 0.0988174;-0.0442557;-0.994121;-0.193398;-0.980816;0.0244392;-0.976131;0.189846;-0.105481;0.214271
599325759;46.0352; 58.9773; 1039.19; 0.0987961;-0.04426;-0.994123;-0.193562;-0.980784;0.0244299;-0.976101;0.19001;-0.105465;0.214421
599328744;46.0325; 58.9763; 1039.19; 0.0987772;-0.0442487;-0.994125;-0.193449;-0.980806;0.0244344;-0.976125;0.189899;-0.105441;0.214302
599331730;46.0287; 58.9745; 1039.19; 0.0987709;-0.044251;-0.994126;-0.193455;-0.980805;0.0244374;-0.976125;0.189904;-0.105436;0.215587
599334715;46.026; 58.9746; 1039.18; 0.0987021;-0.0442316;-0.994134;-0.193711;-0.980755;0.0244039;-0.976081;0.190166;-0.105371;0.214793
599337700;46.0204; 58.9752; 1039.18; 0.0986929;-0.0441308;-0.994139;-0.193355;-0.980827;0.0243446;-0.976153;0.189819;-0.105334;0.215116
599340685;46.0156; 58.9737; 1039.18; 0.0986367;-0.0441318;-0.994144;-0.193538;-0.980791;0.0243365;-0.976121;0.190004;-0.105283;0.21524
599343670;46.009; 58.974; 1039.17; 0.0985039;-0.0440839;-0.99416;-0.193571;-0.980785;0.0243113;-0.976128;0.190046;-0.105145;0.214608
599346655;46.0021; 58.9736; 1039.17; 0.0985625;-0.0440804;-0.994154;-0.193644;-0.980771;0.0242889;-0.976108;0.190118;-0.105203;0.215113
599349640;45.9938; 58.9714; 1039.17; 0.0985144;-0.0440944;-0.994158;-0.193519;-0.980795;0.0243254;-0.976139;0.189992;-0.105155;0.214381
599352625;45.983; 58.9713; 1039.18; 0.098647;-0.0441122;-0.994145;-0.193527;-0.980794;0.0243166;-0.976123;0.189995;-0.105289;0.215523
599355610;45.9725; 58.9688; 1039.17; 0.0985166;-0.0441284;-0.994157;-0.193336;-0.98083;0.0243781;-0.976174;0.189804;-0.10516;0.214516
599358595;45.9616; 58.9672; 1039.16; 0.0985312;-0.0442008;-0.994152;-0.193595;-0.980778;0.0244188;-0.976122;0.190057;-0.105194;0.215006
599361580;45.9482; 58.9661; 1039.17; 0.0985544;-0.044254;-0.994147;-0.193608;-0.980774;0.0244655;-0.976117;0.190063;-0.105227;0.215769
599364565;45.934; 58.963; 1039.16; 0.0984984;-0.0443588;-0.994148;-0.193806;-0.980733;0.0245582;-0.976083;0.190253;-0.105198;0.215016
599367551;45.9193; 58.9622; 1039.16; 0.0985965;-0.0444273;-0.994135;-0.193473;-0.980796;0.0246429;-0.97614;0.189909;-0.105299;0.215465
599370536;45.9009; 58.9604; 1039.17; 0.0987759;-0.0445436;-0.994112;-0.193443;-0.9808;0.0247265;-0.976127;0.189862;-0.105496;0.214982
599373521;45.8838; 58.9562; 1039.16; 0.0985905;-0.0446313;-0.994127;-0.193363;-0.980812;0.0248572;-0.976162;0.189777;-0.105329;0.213948
599376506;45.8657; 58.9515; 1039.17; 0.0987513;-0.0448289;-0.994102;-0.193761;-0.980731;0.0249781;-0.976066;0.190152;-0.105535;0.214866
599379491;45.8454; 58.9454; 1039.17; 0.0987177;-0.0449028;-0.994102;-0.193304;-0.980818;0.0251069;-0.976161;0.189685;-0.105504;0.21414
599382476;45.826; 58.9363; 1039.17; 0.0987285;-0.0450751;-0.994093;-0.193235;-0.980826;0.0252823;-0.976172;0.189597;-0.105546;0.214161
599385461;45.8057; 58.9269; 1039.17; 0.0988264;-0.0452918;-0.994073;-0.193625;-0.980746;0.0254352;-0.976085;0.189964;-0.105693;0.215478
599388446;45.7856; 58.9204; 1039.18; 0.0988201;-0.0453853;-0.99407;-0.193158;-0.980834;0.0255793;-0.976179;0.189485;-0.105693;0.214841
599391431;45.7651; 58.913; 1039.19; 0.0988787;-0.0455159;-0.994058;-0.193196;-0.980824;0.0256927;-0.976165;0.189508;-0.105776;0.214937
599394416;45.7452; 58.9056; 1039.19; 0.0988745;-0.0456548;-0.994052;-0.193243;-0.980811;0.0258253;-0.976156;0.189541;-0.1058;0.215157
599397401;45.7271; 58.9011; 1039.2; 0.0989425;-0.0457432;-0.994041;-0.193142;-0.980829;0.0259107;-0.976169;0.189428;-0.105881;0.215193
599400386;45.71; 58.8974; 1039.2; 0.0988935;-0.0458093;-0.994043;-0.193036;-0.980847;0.0259967;-0.976195;0.189315;-0.105842;0.213854
599403371;45.6923; 58.8946; 1039.21; 0.0989131;-0.045845;-0.99404;-0.192987;-0.980856;0.0260338;-0.976204;0.189261;-0.105867;0.214245
599406357;45.6766; 58.8921; 1039.21; 0.0989119;-0.0459265;-0.994036;-0.193665;-0.980722;0.0260408;-0.976069;0.189934;-0.105899;0.214242
599409342;45.6601; 58.8937; 1039.23; 0.0990865;-0.0458571;-0.994022;-0.19298;-0.980858;0.0260131;-0.976187;0.189249;-0.106039;0.215817
599412327;45.644; 58.8915; 1039.22; 0.0989873;-0.0458202;-0.994033;-0.192884;-0.980877;0.0260062;-0.976216;0.189159;-0.105932;0.214539
599415312;45.6278; 58.8876; 1039.23; 0.0989621;-0.0458457;-0.994035;-0.193117;-0.980831;0.0260107;-0.976172;0.189391;-0.105919;0.21499
599418297;45.6119; 58.887; 1039.23; 0.0989408;-0.0457978;-0.994039;-0.193102;-0.980835;0.0259692;-0.976178;0.189382;-0.105888;0.215642
599421282;45.5946; 58.8785; 1039.24; 0.0990028;-0.0459153;-0.994027;-0.193503;-0.980754;0.0260297;-0.976092;0.189771;-0.105982;0.215637
599424267;45.5799; 58.8713; 1039.25; 0.0989098;-0.0458991;-0.994037;-0.1931;-0.980832;0.0260753;-0.976181;0.18937;-0.105877;0.216004
599427252;45.5634; 58.8637; 1039.26; 0.099025;-0.0459972;-0.994021;-0.193435;-0.980765;0.0261137;-0.976103;0.189693;-0.106018;0.215837
599430237;45.5481; 58.8559; 1039.27; 0.0989135;-0.0460661;-0.994029;-0.193358;-0.980778;0.0262113;-0.976129;0.189611;-0.105919;0.216397
599433222;45.5321; 58.8483; 1039.28; 0.0990274;-0.0461468;-0.994014;-0.193327;-0.980782;0.0262723;-0.976124;0.189568;-0.106046;0.214948
599436207;45.5181; 58.8401; 1039.29; 0.0990331;-0.0462409;-0.994009;-0.193247;-0.980796;0.0263729;-0.97614;0.189478;-0.106067;0.215184
599439192;45.5031; 58.8354; 1039.3; 0.0990612;-0.0462791;-0.994005;-0.193003;-0.980842;0.0264318;-0.976184;0.189227;-0.106095;0.215204
599442178;45.4904; 58.8268; 1039.29; 0.098959;-0.0463665;-0.994011;-0.193407;-0.980761;0.0264937;-0.976115;0.189627;-0.106023;0.215409
599445163;45.4782; 58.8193; 1039.3; 0.0989481;-0.0464322;-0.994009;-0.193273;-0.980785;0.0265754;-0.976143;0.189485;-0.106021;0.215199
599448148;45.4637; 58.8169; 1039.31; 0.0990732;-0.0464368;-0.993996;-0.193133;-0.980813;0.026571;-0.976158;0.189341;-0.106141;0.214385
599451133;45.45; 58.8119; 1039.32; 0.0990478;-0.0464764;-0.993997;-0.193167;-0.980805;0.0266113;-0.976154;0.189372;-0.106124;0.214589
599454118;45.4384; 58.8054; 1039.32; 0.0991641;-0.0465712;-0.993981;-0.193399;-0.980758;0.0266575;-0.976097;0.189591;-0.106263;0.215632
599457103;45.4234; 58.8017; 1039.33; 0.0991026;-0.0465976;-0.993985;-0.193452;-0.980747;0.0266893;-0.976092;0.189643;-0.106209;0.214546
599460088;45.4128; 58.7963; 1039.33; 0.0992159;-0.0467023;-0.99397;-0.19359;-0.980718;0.026756;-0.976053;0.189768;-0.106344;0.21471
599463073;45.4005; 58.7936; 1039.33; 0.0992086;-0.0467381;-0.993968;-0.193662;-0.980703;0.0267849;-0.976039;0.189836;-0.106346;0.215225
599466058;45.3865; 58.7934; 1039.35; 0.0992444;-0.0467516;-0.993964;-0.193066;-0.980818;0.0268562;-0.976154;0.189235;-0.106367;0.215478
599469043;45.3748; 58.7932; 1039.35; 0.0992802;-0.0467828;-0.993959;-0.192962;-0.980838;0.0268915;-0.976171;0.189126;-0.106405;0.21536
599472028;45.3628; 58.7922; 1039.35; 0.0991858;-0.0468454;-0.993966;-0.193541;-0.980723;0.0269082;-0.976066;0.189705;-0.10634;0.215627
599475013;45.3517; 58.794; 1039.35; 0.0992804;-0.0468538;-0.993956;-0.193198;-0.98079;0.026936;-0.976124;0.189356;-0.106425;0.214763
599477998;45.3386; 58.7975; 1039.35; 0.0992269;-0.0467894;-0.993964;-0.192864;-0.980856;0.0269189;-0.976196;0.189029;-0.106351;0.215529
599480984;45.3271; 58.8011; 1039.35; 0.0992914;-0.0468198;-0.993956;-0.192912;-0.980846;0.0269312;-0.976179;0.189072;-0.106422;0.215443
599483969;45.3151; 58.8025; 1039.35; 0.0992043;-0.0468191;-0.993965;-0.19296;-0.980837;0.026942;-0.976179;0.189122;-0.106337;0.215391
599486954;45.3029; 58.8051; 1039.35; 0.099204;-0.0468309;-0.993965;-0.192972;-0.980834;0.0269525;-0.976176;0.189133;-0.10634;0.215499
599489939;45.2907; 58.8083; 1039.35; 0.0992606;-0.0468072;-0.99396;-0.192938;-0.980842;0.0269218;-0.976178;0.189101;-0.10639;0.215058
599492924;45.2772; 58.8091; 1039.35; 0.0991459;-0.0468154;-0.993971;-0.192612;-0.980904;0.0269875;-0.976253;0.188775;-0.10627;0.215272
599495909;45.2643; 58.8092; 1039.35; 0.0991108;-0.046848;-0.993973;-0.192517;-0.980921;0.0270367;-0.976276;0.188677;-0.106239;0.21531
599498894;45.2515; 58.8063; 1039.35; 0.0990655;-0.0470143;-0.99397;-0.193164;-0.980791;0.0271388;-0.976153;0.189311;-0.106244;0.215665
599501879;45.2369; 58.8083; 1039.35; 0.0990064;-0.0470226;-0.993975;-0.192861;-0.980849;0.0271914;-0.976218;0.189007;-0.106179;0.215534
599504864;45.2231; 58.8079; 1039.36; 0.0990498;-0.047087;-0.993968;-0.192628;-0.980893;0.027272;-0.97626;0.188765;-0.106228;0.214605
599507849;45.2127; 58.8069; 1039.35; 0.0990187;-0.047202;-0.993965;-0.192888;-0.980839;0.0273631;-0.976211;0.189015;-0.106226;0.216073
599510834;45.1997; 58.808; 1039.35; 0.0989521;-0.0472574;-0.99397;-0.192735;-0.980867;0.0274473;-0.976249;0.188857;-0.106167;0.215179
599513819;45.191; 58.8077; 1039.35; 0.099004;-0.0473666;-0.993959;-0.192852;-0.980842;0.0275324;-0.97622;0.188961;-0.106242;0.215094
599516805;45.1821; 58.8102; 1039.35; 0.0989584;-0.0474465;-0.99396;-0.192998;-0.980811;0.027604;-0.976197;0.189101;-0.106216;0.214705
599519790;45.1756; 58.8119; 1039.34; 0.0989855;-0.0475158;-0.993954;-0.192916;-0.980825;0.0276761;-0.97621;0.18901;-0.106254;0.214858
599522775;45.1711; 58.8122; 1039.35; 0.0990837;-0.0476427;-0.993938;-0.193177;-0.980771;0.0277542;-0.976148;0.189256;-0.106382;0.214533
599525760;45.1676; 58.8167; 1039.35; 0.099176;-0.0476695;-0.993927;-0.192692;-0.980865;0.0278159;-0.976235;0.188763;-0.106464;0.214942
599528745;45.1647; 58.8193; 1039.35; 0.0992222;-0.0477403;-0.993919;-0.192769;-0.980848;0.0278685;-0.976214;0.188832;-0.106525;0.214829
599531730;45.1636; 58.8193; 1039.35; 0.0992597;-0.0478116;-0.993912;-0.192656;-0.980868;0.027944;-0.976233;0.188709;-0.106572;0.214683
599534715;45.1616; 58.8224; 1039.35; 0.0994149;-0.0478796;-0.993893;-0.192579;-0.980882;0.0279901;-0.976233;0.18862;-0.106735;0.215525
599537700;45.1622; 58.8203; 1039.35; 0.0994051;-0.0479891;-0.993889;-0.192866;-0.980824;0.0280685;-0.976177;0.188897;-0.106754;0.21575
599540685;45.1605; 58.8223; 1039.36; 0.0995236;-0.0479829;-0.993878;-0.192476;-0.9809;0.0280824;-0.976242;0.188503;-0.106858;0.214222
599543670;45.1595; 58.8186; 1039.35; 0.0994693;-0.0480195;-0.993881;-0.192441;-0.980905;0.0281326;-0.976254;0.188465;-0.106811;0.213843
599546655;45.1599; 58.8188; 1039.35; 0.0994552;-0.0479874;-0.993884;-0.192544;-0.980886;0.0280926;-0.976235;0.188572;-0.106794;0.214446
599549640;45.1591; 58.8155; 1039.35; 0.0993401;-0.0479589;-0.993897;-0.192319;-0.98093;0.0281108;-0.976292;0.188353;-0.106669;0.21446
599552625;45.1601; 58.8125; 1039.34; 0.0993467;-0.0479481;-0.993897;-0.192586;-0.980879;0.0280699;-0.976239;0.188623;-0.106681;0.215277
599555611;45.1575; 58.8103; 1039.35; 0.099281;-0.0478321;-0.993909;-0.19221;-0.980954;0.028009;-0.976319;0.188259;-0.106584;0.214397
599558596;45.1571; 58.8043; 1039.34; 0.0990854;-0.0477904;-0.993931;-0.192365;-0.980924;0.0279882;-0.976308;0.188424;-0.106388;0.214639
599561581;45.1555; 58.8037; 1039.34; 0.0990425;-0.0477008;-0.993939;-0.192454;-0.98091;0.0278981;-0.976295;0.188524;-0.106332;0.214142
599564566;45.1522; 58.7999; 1039.35; 0.0991118;-0.0476798;-0.993934;-0.192388;-0.980923;0.0278715;-0.976302;0.188458;-0.106394;0.215867
599567551;45.151; 58.7932; 1039.34; 0.0988405;-0.0476476;-0.993962;-0.192569;-0.980888;0.0278717;-0.976293;0.188651;-0.106127;0.214621
599570536;45.1493; 58.7886; 1039.34; 0.0987979;-0.0476161;-0.993968;-0.192448;-0.980912;0.0278618;-0.976321;0.188535;-0.106076;0.214339
599573521;45.1473; 58.784; 1039.34; 0.0987716;-0.0476404;-0.993969;-0.193029;-0.980798;0.0278276;-0.976209;0.189116;-0.106071;0.214813
599576506;45.1445; 58.7784; 1039.35; 0.0987914;-0.0476082;-0.993969;-0.19264;-0.980875;0.0278345;-0.976284;0.188728;-0.106073;0.215216
599579491;45.1417; 58.7743; 1039.35; 0.0987386;-0.0475793;-0.993975;-0.192713;-0.980861;0.027808;-0.976275;0.188806;-0.106018;0.214342
599582476;45.1388; 58.7698; 1039.34; 0.0986698;-0.047565;-0.993983;-0.192819;-0.980841;0.0277956;-0.976261;0.188916;-0.105951;0.21418
599585461;45.1368; 58.7648; 1039.35; 0.0986736;-0.0475536;-0.993983;-0.192754;-0.980853;0.0277907;-0.976273;0.188852;-0.105951;0.214926
599588446;45.133; 58.7596; 1039.35; 0.0985073;-0.0475355;-0.994;-0.192737;-0.980856;0.0278062;-0.976293;0.188842;-0.105783;0.214982
599591432;45.1321; 58.7579; 1039.34; 0.0984483;-0.0474858;-0.994009;-0.192801;-0.980845;0.0277615;-0.976287;0.188913;-0.105718;0.214282
599594417;45.1299; 58.7545; 1039.33; 0.09837;-0.0474916;-0.994016;-0.193098;-0.980787;0.0277502;-0.976237;0.189213;-0.105651;0.214369
599597402;45.1298; 58.7571; 1039.33; 0.0984062;-0.0474084;-0.994016;-0.192715;-0.980864;0.0277025;-0.976308;0.188836;-0.105659;0.214628
599600387;45.1293; 58.7576; 1039.31; 0.0982262;-0.0473598;-0.994036;-0.192902;-0.980828;0.0276688;-0.976289;0.189034;-0.105479;0.214807
599603372;45.1298; 58.7615; 1039.32; 0.0983631;-0.0473133;-0.994025;-0.192752;-0.980859;0.0276129;-0.976305;0.188884;-0.1056;0.214143
599606357;45.1309; 58.7663; 1039.31; 0.0983227;-0.0472663;-0.994031;-0.192915;-0.980828;0.0275565;-0.976277;0.189054;-0.105556;0.214029
599609342;45.1312; 58.7719; 1039.3; 0.0984049;-0.0472027;-0.994026;-0.192622;-0.980887;0.0275099;-0.976326;0.188764;-0.105616;0.213578
599612327;45.1334; 58.7766; 1039.29; 0.0983071;-0.0471587;-0.994038;-0.192709;-0.980871;0.0274757;-0.976319;0.188859;-0.105514;0.214374
599615312;45.1355; 58.7836; 1039.28; 0.0983136;-0.0470989;-0.99404;-0.192371;-0.980938;0.0274521;-0.976385;0.188526;-0.1055;0.214496
599618297;45.1387; 58.789; 1039.27; 0.098273;-0.0471051;-0.994044;-0.192631;-0.980888;0.0274378;-0.976338;0.188787;-0.105469;0.214699
599621282;45.1416; 58.7931; 1039.26; 0.0983779;-0.047157;-0.994031;-0.192774;-0.980859;0.0274535;-0.976299;0.188922;-0.105585;0.213647
599624267;45.1453; 58.8005; 1039.25; 0.0983781;-0.047146;-0.994032;-0.192534;-0.980906;0.0274685;-0.976346;0.188683;-0.105577;0.214202
599627252;45.1498; 58.806; 1039.23; 0.0984061;-0.0472016;-0.994026;-0.19255;-0.980901;0.0275163;-0.97634;0.188692;-0.105615;0.214316
599630238;45.1521; 58.8134; 1039.23; 0.0985682;-0.0472258;-0.994009;-0.192302;-0.98095;0.0275363;-0.976373;0.188436;-0.105772;0.214421
599633223;45.156; 58.8237; 1039.21; 0.0984971;-0.0471777;-0.994018;-0.191875;-0.981033;0.0275485;-0.976465;0.188014;-0.105681;0.213796
599636208;45.161; 58.834; 1039.19; 0.0985059;-0.0472178;-0.994016;-0.192195;-0.98097;0.0275519;-0.9764;0.18833;-0.105706;0.214262
599639193;45.1652; 58.8451; 1039.17; 0.0983952;-0.0471842;-0.994028;-0.191971;-0.981014;0.027564;-0.976456;0.188112;-0.105585;0.21481
599642178;45.1677; 58.8607; 1039.16; 0.0986318;-0.0471609;-0.994006;-0.192008;-0.981008;0.027492;-0.976425;0.188146;-0.105814;0.214548
599645163;45.1693; 58.8751; 1039.12; 0.098322;-0.0470819;-0.99404;-0.192097;-0.980992;0.0274632;-0.976438;0.188252;-0.105497;0.213413
599648148;45.1712; 58.8884; 1039.11; 0.098321;-0.0470213;-0.994043;-0.191637;-0.981082;0.0274533;-0.976529;0.187796;-0.105472;0.214
599651133;45.1698; 58.9012; 1039.09; 0.0983559;-0.0470003;-0.994041;-0.191672;-0.981076;0.0274223;-0.976519;0.187833;-0.105503;0.21494
599654118;45.1722; 58.912; 1039.05; 0.0982099;-0.0469722;-0.994057;-0.191552;-0.981099;0.0274351;-0.976557;0.187719;-0.105351;0.215238
599657103;45.1712; 58.9262; 1039.03; 0.0981369;-0.0469427;-0.994065;-0.191347;-0.981139;0.0274419;-0.976604;0.187519;-0.105268;0.214082
599660088;45.1691; 58.9382; 1039.01; 0.0981722;-0.0468957;-0.994064;-0.191104;-0.981187;0.0274151;-0.976648;0.187278;-0.105287;0.214399
599663073;45.1674; 58.947; 1038.98; 0.0980456;-0.0468687;-0.994078;-0.191014;-0.981205;0.027422;-0.976679;0.187194;-0.105155;0.214549
599666059;45.1659; 58.9566; 1038.95; 0.0979173;-0.0468087;-0.994093;-0.191038;-0.981201;0.0273844;-0.976686;0.187228;-0.105019;0.214966
599669044;45.1641; 58.9668; 1038.92; 0.0977594;-0.0466876;-0.994114;-0.190549;-0.981297;0.0273474;-0.976798;0.186755;-0.104827;0.213965
599672029;45.1616; 58.9763; 1038.9; 0.0978099;-0.0466457;-0.994111;-0.190894;-0.981232;0.0272595;-0.976726;0.187104;-0.104879;0.213944
599675014;45.1591; 58.9853; 1038.88; 0.0976577;-0.0464838;-0.994134;-0.190301;-0.981349;0.0271919;-0.976856;0.186529;-0.104682;0.215067
599677999;45.1575; 58.9906; 1038.85; 0.0974305;-0.0463913;-0.99416;-0.190429;-0.981326;0.0271298;-0.976854;0.186674;-0.104445;0.214328
599680984;45.1575; 58.997; 1038.82; 0.0974097;-0.0463562;-0.994164;-0.190738;-0.981268;0.027066;-0.976796;0.186988;-0.104427;0.213653
599683969;45.1567; 59.0028; 1038.8; 0.0972045;-0.0462092;-0.994191;-0.190285;-0.981357;0.0270081;-0.976905;0.186554;-0.104185;0.212601
599686954;45.1567; 59.0094; 1038.78; 0.0970311;-0.046089;-0.994214;-0.190291;-0.981358;0.0269214;-0.976921;0.186578;-0.103993;0.213775
599689939;45.1595; 59.0136; 1038.75; 0.0967855;-0.0459492;-0.994244;-0.19013;-0.981392;0.0268469;-0.976977;0.186437;-0.103721;0.213336
599692924;45.1629; 59.0163; 1038.72; 0.0966719;-0.045908;-0.994257;-0.190541;-0.981314;0.026784;-0.976908;0.186858;-0.103613;0.214822
599695909;45.1673; 59.0204; 1038.71; 0.0966345;-0.0458335;-0.994264;-0.190589;-0.981306;0.0267125;-0.976902;0.186915;-0.103563;0.214368
599698894;45.1726; 59.023; 1038.69; 0.0964478;-0.0457002;-0.994288;-0.190297;-0.981365;0.0266473;-0.976978;0.18664;-0.103347;0.214329
599701879;45.1807; 59.0226; 1038.66; 0.0963147;-0.0456673;-0.994303;-0.1905;-0.981326;0.0266183;-0.976951;0.186851;-0.103216;0.214316
599704865;45.1897; 59.0218; 1038.64; 0.0962023;-0.0456279;-0.994315;-0.190696;-0.981289;0.0265797;-0.976924;0.187055;-0.103103;0.21448
599707850;45.201; 59.0213; 1038.64; 0.0962241;-0.0455448;-0.994317;-0.190191;-0.981388;0.0265472;-0.97702;0.186555;-0.103095;0.214524
599710835;45.2128; 59.0213; 1038.63; 0.0962936;-0.045519;-0.994312;-0.190036;-0.981419;0.0265248;-0.977044;0.186401;-0.103155;0.2151
599713820;45.227; 59.0177; 1038.62; 0.0963494;-0.0455947;-0.994303;-0.190341;-0.981359;0.0265569;-0.976979;0.186698;-0.103232;0.214348
599716805;45.2433; 59.0139; 1038.6; 0.0963061;-0.0456398;-0.994305;-0.190547;-0.981318;0.0265876;-0.976942;0.186901;-0.103203;0.214811
599719790;45.2611; 59.0133; 1038.61; 0.0965454;-0.045689;-0.994279;-0.190442;-0.981338;0.0266022;-0.97694;0.186785;-0.103445;0.215365
599722775;45.2792; 59.0141; 1038.6; 0.0966332;-0.0457034;-0.99427;-0.190436;-0.981339;0.0266005;-0.976932;0.186774;-0.103533;0.215477
599725760;45.2999; 59.0167; 1038.59; 0.0966506;-0.0456904;-0.994269;-0.190548;-0.981318;0.0265726;-0.976909;0.186888;-0.103551;0.213994
599728745;45.321; 59.0205; 1038.59; 0.0967736;-0.0456684;-0.994258;-0.190425;-0.981343;0.0265407;-0.97692;0.186763;-0.103665;0.214049
599731730;45.3419; 59.0248; 1038.58; 0.0967459;-0.0456006;-0.994264;-0.190506;-0.981329;0.0264705;-0.976907;0.186853;-0.103627;0.213533
599734715;45.3653; 59.0293; 1038.57; 0.0968631;-0.0455697;-0.994254;-0.19058;-0.981316;0.0264098;-0.976881;0.186927;-0.103738;0.214049
599737700;45.3873; 59.0361; 1038.57; 0.0970621;-0.0455029;-0.994238;-0.190514;-0.981332;0.0263135;-0.976874;0.186862;-0.103919;0.213674
599740686;45.4107; 59.04; 1038.55; 0.0969449;-0.0454515;-0.994251;-0.190777;-0.981282;0.026257;-0.976835;0.187134;-0.103801;0.213193
599743671;45.4316; 59.044; 1038.54; 0.0969135;-0.0453871;-0.994257;-0.190635;-0.981311;0.0262142;-0.976865;0.187;-0.103755;0.212901
599746656;45.4525; 59.0518; 1038.54; 0.0969093;-0.0452325;-0.994265;-0.190011;-0.981434;0.0261288;-0.976988;0.186389;-0.103705;0.213384
599749641;45.4744; 59.0547; 1038.52; 0.0968032;-0.0452397;-0.994275;-0.190482;-0.981344;0.0261057;-0.976906;0.186864;-0.103615;0.213608
599752626;45.4947; 59.06; 1038.52; 0.0969998;-0.0451748;-0.994259;-0.189947;-0.981448;0.0260615;-0.976991;0.186328;-0.103781;0.214713
599755611;45.5146; 59.0653; 1038.52; 0.0970011;-0.0451343;-0.99426;-0.18983;-0.981472;0.0260338;-0.977014;0.186215;-0.103772;0.215316
599758596;45.5364; 59.0677; 1038.49; 0.0968589;-0.0451648;-0.994273;-0.190225;-0.981395;0.0260488;-0.976951;0.186612;-0.103648;0.21414
599761581;45.5555; 59.0764; 1038.49; 0.0969061;-0.0450733;-0.994272;-0.189887;-0.981462;0.0259854;-0.977011;0.186281;-0.103669;0.214828
599764566;45.5769; 59.0824; 1038.47; 0.0967877;-0.0450593;-0.994284;-0.18983;-0.981473;0.026;-0.977035;0.186228;-0.103548;0.213963
599767551;45.5953; 59.089; 1038.46; 0.0967824;-0.0450498;-0.994285;-0.189562;-0.981524;0.0260198;-0.977087;0.185961;-0.103534;0.214836
599770536;45.6145; 59.0983; 1038.45; 0.0966465;-0.0450398;-0.994299;-0.189886;-0.981462;0.0260012;-0.977038;0.18629;-0.103407;0.215418
599773521;45.6345; 59.1053; 1038.43; 0.0965026;-0.0450293;-0.994313;-0.189713;-0.981494;0.0260363;-0.977085;0.186122;-0.103259;0.216091
599776506;45.655; 59.1126; 1038.42; 0.0964139;-0.0450284;-0.994322;-0.189608;-0.981514;0.026063;-0.977115;0.186019;-0.103169;0.214425
599779492;45.6737; 59.1197; 1038.42; 0.0963375;-0.0450227;-0.99433;-0.189504;-0.981534;0.0260829;-0.977142;0.185917;-0.103091;0.213869
599782477;45.6948; 59.1276; 1038.42; 0.0964074;-0.0450198;-0.994323;-0.189398;-0.981554;0.026078;-0.977156;0.185808;-0.103156;0.215011
599785462;45.7179; 59.1322; 1038.41; 0.0964515;-0.0450674;-0.994317;-0.189605;-0.981514;0.026095;-0.977112;0.186011;-0.103214;0.214515
599788447;45.7405; 59.1396; 1038.41; 0.0964273;-0.0450692;-0.994319;-0.189474;-0.981539;0.0261149;-0.97714;0.18588;-0.103187;0.214371
599791432;45.7646; 59.147; 1038.41; 0.0965724;-0.0450937;-0.994304;-0.189477;-0.981538;0.0261116;-0.977124;0.185876;-0.103334;0.213818
599794417;45.7909; 59.1548; 1038.41; 0.0965121;-0.0450541;-0.994312;-0.189291;-0.981574;0.0261036;-0.977167;0.185695;-0.103262;0.213961
599797402;45.8155; 59.1644; 1038.41; 0.0965598;-0.0450107;-0.994309;-0.189398;-0.981555;0.0260406;-0.977141;0.185806;-0.103304;0.214321
599800387;45.8437; 59.1732; 1038.41; 0.0965734;-0.0449836;-0.994309;-0.189617;-0.981514;0.025988;-0.977097;0.186028;-0.103318;0.214392
599803372;45.8721; 59.1825; 1038.42; 0.096605;-0.0449011;-0.99431;-0.18936;-0.981565;0.0259278;-0.977144;0.185778;-0.103327;0.214649
599806357;45.9021; 59.1911; 1038.42; 0.0967409;-0.0448547;-0.994298;-0.189551;-0.981531;0.0258362;-0.977094;0.185971;-0.103456;0.214781
599809342;45.9296; 59.1997; 1038.43; 0.0967861;-0.044793;-0.994297;-0.189364;-0.981568;0.0257866;-0.977125;0.185789;-0.103484;0.214776
599812327;45.9579; 59.207; 1038.44; 0.0968114;-0.044748;-0.994296;-0.189392;-0.981564;0.0257345;-0.977117;0.185821;-0.103502;0.215258
599815313;45.9849; 59.2144; 1038.46; 0.0969754;-0.0446752;-0.994284;-0.188936;-0.981654;0.0256802;-0.977189;0.185366;-0.103637;0.215117
599818298;46.0126; 59.2176; 1038.46; 0.0970505;-0.0446651;-0.994277;-0.18893;-0.981656;0.0256571;-0.977184;0.185358;-0.103709;0.215676
599821283;46.0393; 59.2212; 1038.47; 0.0970282;-0.0446238;-0.994281;-0.18892;-0.981658;0.0256213;-0.977187;0.185354;-0.103679;0.216408
599824268;46.0675; 59.2279; 1038.48; 0.0970524;-0.0445443;-0.994282;-0.188723;-0.981698;0.0255594;-0.977224;0.185163;-0.103683;0.216381
599827253;46.094; 59.2313; 1038.49; 0.0971979;-0.044532;-0.994268;-0.188593;-0.981724;0.0255336;-0.977234;0.18503;-0.10382;0.215674
599830238;46.1207; 59.2383; 1038.5; 0.0971325;-0.0444477;-0.994279;-0.188774;-0.981691;0.0254434;-0.977205;0.185223;-0.103745;0.214894
599833223;46.147; 59.243; 1038.51; 0.0972775;-0.0443815;-0.994267;-0.188533;-0.981739;0.0253764;-0.977238;0.184984;-0.103868;0.216501
599836208;46.1705; 59.2484; 1038.52; 0.0971648;-0.04427;-0.994283;-0.188409;-0.981765;0.0253007;-0.977272;0.184874;-0.103734;0.215337
599839193;46.1953; 59.2505; 1038.53; 0.0972172;-0.0442665;-0.994278;-0.188866;-0.981679;0.0252389;-0.977179;0.185332;-0.103796;0.215221
599842178;46.2184; 59.2558; 1038.54; 0.0971914;-0.0441238;-0.994287;-0.188347;-0.98178;0.0251578;-0.977281;0.184826;-0.103731;0.215018
599845163;46.2393; 59.2569; 1038.56; 0.0972478;-0.0441419;-0.994281;-0.188798;-0.981695;0.0251173;-0.977189;0.185276;-0.103802;0.215756
599848148;46.2614; 59.2591; 1038.56; 0.097196;-0.0440428;-0.99429;-0.188695;-0.981717;0.0250403;-0.977214;0.185184;-0.10373;0.215758
599851133;46.2799; 59.2578; 1038.57; 0.0970154;-0.0440433;-0.994308;-0.188978;-0.981662;0.0250445;-0.977177;0.185473;-0.10356;0.215742
599854119;46.2985; 59.2573; 1038.59; 0.0969986;-0.0440155;-0.994311;-0.188891;-0.981679;0.0250293;-0.977197;0.185388;-0.103536;0.216592
599857104;46.3145; 59.2578; 1038.61; 0.0971506;-0.0439553;-0.994299;-0.188716;-0.981714;0.0249599;-0.977214;0.185215;-0.103669;0.216325
599860089;46.3328; 59.2547; 1038.62; 0.0970583;-0.0439644;-0.994307;-0.188818;-0.981695;0.0249755;-0.977204;0.185318;-0.103583;0.216698
599863074;46.3501; 59.2548; 1038.63; 0.0969806;-0.0438704;-0.994319;-0.188631;-0.981732;0.024917;-0.977248;0.185143;-0.103484;0.216671
599866059;46.3662; 59.2533; 1038.64; 0.096986;-0.0438459;-0.99432;-0.188924;-0.981677;0.0248608;-0.97719;0.18544;-0.103493;0.216576
599869044;46.3845; 59.2537; 1038.66; 0.0970771;-0.0437797;-0.994314;-0.18875;-0.981712;0.0247967;-0.977215;0.18527;-0.103565;0.217207
599872029;46.4019; 59.255; 1038.67; 0.0971131;-0.043689;-0.994314;-0.188506;-0.981761;0.0247263;-0.977259;0.185033;-0.103577;0.217099
599875014;46.4173; 59.2548; 1038.69; 0.0971331;-0.0436423;-0.994314;-0.188765;-0.981713;0.0246491;-0.977207;0.185298;-0.103595;0.215603
599877999;46.4337; 59.2537; 1038.71; 0.0972722;-0.0436117;-0.994302;-0.188727;-0.981722;0.024597;-0.977201;0.185258;-0.103725;0.216944
599880984;46.448; 59.2546; 1038.72; 0.0972276;-0.0435225;-0.99431;-0.188577;-0.981752;0.0245331;-0.977234;0.185118;-0.103661;0.216777
599883969;46.4644; 59.2534; 1038.73; 0.0972333;-0.0434588;-0.994312;-0.188382;-0.98179;0.0244898;-0.977271;0.184929;-0.10365;0.216319
599886954;46.4766; 59.2531; 1038.75; 0.0974027;-0.0434302;-0.994297;-0.188194;-0.981828;0.0244499;-0.97729;0.184739;-0.103806;0.216071
599889940;46.4901; 59.2525; 1038.76; 0.0973759;-0.0434105;-0.994301;-0.188443;-0.981781;0.024409;-0.977245;0.184992;-0.103782;0.216698
599892925;46.5021; 59.2514; 1038.77; 0.0972899;-0.0433947;-0.99431;-0.188886;-0.981697;0.0243624;-0.977168;0.185441;-0.103706;0.217674
599895910;46.513; 59.2522; 1038.79; 0.0972933;-0.0433163;-0.994313;-0.188757;-0.981723;0.024298;-0.977192;0.18532;-0.103691;0.216234
599898895;46.5247; 59.2534; 1038.79; 0.097201;-0.0432129;-0.994326;-0.188584;-0.981758;0.0242317;-0.977235;0.185159;-0.103577;0.216093
599901880;46.534; 59.2521; 1038.8; 0.0972208;-0.0431839;-0.994326;-0.188677;-0.981741;0.0241894;-0.977215;0.185255;-0.103593;0.217047
599904865;46.5424; 59.2517; 1038.82; 0.0973777;-0.0431764;-0.99431;-0.188715;-0.981735;0.0241485;-0.977191;0.18529;-0.103747;0.216628
599907850;46.5495; 59.2502; 1038.82; 0.0973146;-0.0431736;-0.994317;-0.188751;-0.981728;0.0241536;-0.977191;0.185328;-0.103686;0.216208
599910835;46.5557; 59.2498; 1038.83; 0.0972567;-0.0431714;-0.994322;-0.18867;-0.981743;0.0241709;-0.977212;0.185248;-0.103626;0.216328
599913820;46.5635; 59.2446; 1038.83; 0.0972002;-0.0432782;-0.994324;-0.188937;-0.981689;0.0242588;-0.977167;0.185506;-0.103597;0.216021
599916805;46.5643; 59.2449; 1038.85; 0.0973693;-0.043328;-0.994305;-0.188802;-0.981715;0.0242906;-0.977176;0.185361;-0.103769;0.2159
599919790;46.5683; 59.242; 1038.86; 0.0974178;-0.0433792;-0.994298;-0.188446;-0.981781;0.0243698;-0.97724;0.184998;-0.103818;0.217392
599922775;46.5695; 59.238; 1038.86; 0.0974197;-0.0434898;-0.994293;-0.188437;-0.98178;0.0244795;-0.977242;0.184977;-0.10384;0.215811
599925760;46.5694; 59.2351; 1038.87; 0.0975901;-0.0436732;-0.994268;-0.189116;-0.981648;0.0245568;-0.977093;0.185636;-0.104058;0.217245
599928746;46.5659; 59.232; 1038.88; 0.0976676;-0.0437508;-0.994257;-0.188564;-0.981751;0.0246776;-0.977192;0.185071;-0.104135;0.215829
599931731;46.5618; 59.2281; 1038.88; 0.0977033;-0.0438034;-0.994251;-0.188576;-0.981747;0.0247217;-0.977186;0.185077;-0.10418;0.216255
599934716;46.5538; 59.2266; 1038.89; 0.0977801;-0.0438425;-0.994242;-0.188205;-0.981817;0.0247851;-0.97725;0.184698;-0.104253;0.215165
599937701;46.5447; 59.2216; 1038.89; 0.0976818;-0.0439008;-0.994249;-0.188325;-0.981793;0.0248485;-0.977237;0.184815;-0.104171;0.215531
599940686;46.5328; 59.2199; 1038.9; 0.0978979;-0.0439618;-0.994225;-0.18842;-0.981774;0.0248582;-0.977197;0.184898;-0.104397;0.216138
599943671;46.5197; 59.2174; 1038.89; 0.0976915;-0.043942;-0.994246;-0.188524;-0.981754;0.0248663;-0.977198;0.18501;-0.104193;0.216957
599946656;46.5031; 59.2163; 1038.89; 0.0975768;-0.0438844;-0.99426;-0.188291;-0.981799;0.0248557;-0.977255;0.184785;-0.104064;0.217241
599949641;46.485; 59.2153; 1038.89; 0.097465;-0.0438573;-0.994272;-0.188258;-0.981805;0.0248532;-0.977272;0.184757;-0.103948;0.216671
599952626;46.4678; 59.2131; 1038.88; 0.0972129;-0.0438083;-0.994299;-0.188227;-0.981811;0.0248551;-0.977303;0.184737;-0.103691;0.215442
599955611;46.446; 59.2128; 1038.88; 0.0971391;-0.0437674;-0.994308;-0.188146;-0.981827;0.024837;-0.977325;0.184663;-0.103608;0.216477
599958596;46.424; 59.209; 1038.86; 0.0970488;-0.0438148;-0.994315;-0.188546;-0.98175;0.0248583;-0.977258;0.185062;-0.103539;0.216905
599964567;46.3767; 59.1996; 1038.86; 0.0967786;-0.0439058;-0.994337;-0.188855;-0.981688;0.024966;-0.977225;0.18537;-0.103298;0.215697
599967552;46.3526; 59.1938; 1038.85; 0.0966391;-0.0439576;-0.994348;-0.188673;-0.98172;0.0250625;-0.977274;0.185184;-0.103166;0.215343
599970537;46.3298; 59.1859; 1038.85; 0.0965962;-0.0440917;-0.994347;-0.188904;-0.981672;0.0251785;-0.977233;0.185404;-0.103155;0.215452
599973522;46.306; 59.1812; 1038.85; 0.0967009;-0.0442222;-0.994331;-0.189179;-0.981618;0.0252586;-0.97717;0.185664;-0.103289;0.215473
599976507;46.2835; 59.1774; 1038.85; 0.0967872;-0.0443038;-0.994319;-0.188453;-0.981754;0.0254;-0.977301;0.184924;-0.10337;0.215457
599979492;46.2614; 59.172; 1038.85; 0.0968034;-0.0444483;-0.994311;-0.188805;-0.981684;0.0255023;-0.977232;0.185262;-0.103422;0.215236
599982477;46.2412; 59.1685; 1038.84; 0.0967929;-0.0445765;-0.994306;-0.188982;-0.981647;0.0256119;-0.977199;0.185427;-0.10344;0.216035
599985462;46.2176; 59.1656; 1038.85; 0.0970028;-0.0446895;-0.99428;-0.188727;-0.981693;0.0257116;-0.977227;0.185154;-0.103661;0.216678
599991432;46.1725; 59.1611; 1038.84; 0.0970736;-0.0448573;-0.994266;-0.18849;-0.981734;0.025889;-0.977266;0.184896;-0.103756;0.216124
599994417;46.1483; 59.1589; 1038.84; 0.0971983;-0.0449504;-0.99425;-0.188692;-0.981694;0.0259363;-0.977215;0.185086;-0.103901;0.214743
599997402;46.1236; 59.1559; 1038.83; 0.0971164;-0.0449752;-0.994256;-0.188427;-0.981743;0.026004;-0.977274;0.18482;-0.103818;0.215035
600000387;46.0982; 59.1503; 1038.82; 0.0971861;-0.0450536;-0.994246;-0.18825;-0.981775;0.0260873;-0.977301;0.184632;-0.103896;0.215537
600003373;46.0704; 59.1443; 1038.82; 0.0970527;-0.0450847;-0.994258;-0.187937;-0.981832;0.0261761;-0.977375;0.184318;-0.103763;0.21498
600006358;46.0433; 59.1369; 1038.81; 0.0969681;-0.0452176;-0.99426;-0.188229;-0.981773;0.0262921;-0.977327;0.184599;-0.103712;0.215755
600009343;46.0159; 59.1287; 1038.8; 0.0968532;-0.0453065;-0.994267;-0.188461;-0.981727;0.026377;-0.977294;0.184825;-0.103622;0.21549
600012328;45.9871; 59.1206; 1038.8; 0.0968996;-0.045383;-0.994259;-0.188518;-0.981714;0.0264376;-0.977278;0.184873;-0.103683;0.215011
600015313;45.9592; 59.114; 1038.79; 0.0966581;-0.0454057;-0.994281;-0.188474;-0.98172;0.0265096;-0.977309;0.184834;-0.103449;0.214054
600018298;45.9323; 59.1078; 1038.77; 0.0964374;-0.04543;-0.994302;-0.188646;-0.981686;0.0265568;-0.977299;0.18501;-0.103241;0.213839
600021283;45.9047; 59.1019; 1038.77; 0.0964432;-0.0455003;-0.994298;-0.188751;-0.981664;0.026614;-0.977278;0.185108;-0.103263;0.214278
600024268;45.8789; 59.0979; 1038.76; 0.0963844;-0.0455311;-0.994302;-0.188759;-0.981662;0.0266547;-0.977282;0.185114;-0.103211;0.214666
600027253;45.8526; 59.0956; 1038.76; 0.0964753;-0.0455667;-0.994292;-0.188726;-0.981668;0.0266762;-0.977279;0.185075;-0.103306;0.214239
600030238;45.8296; 59.0918; 1038.74; 0.0963366;-0.0455831;-0.994304;-0.188423;-0.981724;0.0267503;-0.977352;0.184773;-0.103165;0.214214
600033223;45.8042; 59.0895; 1038.74; 0.096459;-0.045667;-0.994289;-0.188635;-0.981682;0.0267877;-0.977298;0.184974;-0.103306;0.214326
600036208;45.7802; 59.0859; 1038.72; 0.0963378;-0.0457219;-0.994298;-0.188461;-0.981713;0.0268831;-0.977344;0.184797;-0.103193;0.21491
600039194;45.7562; 59.0839; 1038.72; 0.0964091;-0.0458182;-0.994287;-0.18835;-0.981732;0.0269768;-0.977359;0.184673;-0.103278;0.214117
600042179;45.7328; 59.0833; 1038.72; 0.0965372;-0.0458796;-0.994272;-0.187626;-0.981867;0.0270899;-0.977485;0.183936;-0.103395;0.21351
600045164;45.7118; 59.0757; 1038.7; 0.0966026;-0.0461257;-0.994254;-0.188225;-0.981748;0.0272573;-0.977364;0.18451;-0.103521;0.214385
600048149;45.6915; 59.0722; 1038.68; 0.0965522;-0.0462054;-0.994255;-0.187814;-0.981823;0.0273889;-0.977448;0.18409;-0.103475;0.213375
600051134;45.6697; 59.0673; 1038.69; 0.0967159;-0.0463894;-0.994231;-0.187801;-0.981821;0.0275418;-0.977434;0.184053;-0.10367;0.21342
600054119;45.65; 59.0634; 1038.67; 0.0966966;-0.0465525;-0.994225;-0.187984;-0.981782;0.0276868;-0.9774;0.184221;-0.103686;0.214116
600057104;45.6309; 59.0618; 1038.66; 0.0968172;-0.0466849;-0.994207;-0.187857;-0.981803;0.0278088;-0.977414;0.184076;-0.103825;0.213016
600060089;45.6106; 59.0632; 1038.66; 0.0970372;-0.0467782;-0.994181;-0.187558;-0.981857;0.0278917;-0.977449;0.18376;-0.10405;0.212829
600063074;45.592; 59.0632; 1038.64; 0.0970763;-0.0469182;-0.99417;-0.187871;-0.981795;0.0279895;-0.977385;0.184058;-0.104124;0.213303
600066059;45.5741; 59.0663; 1038.63; 0.0970306;-0.0469709;-0.994173;-0.187791;-0.981808;0.0280586;-0.977405;0.183974;-0.104086;0.213351
600069044;45.5579; 59.0681; 1038.62; 0.0970714;-0.047048;-0.994165;-0.187596;-0.981843;0.0281478;-0.977438;0.183769;-0.104135;0.21321
600072029;45.543; 59.0757; 1038.6; 0.0970919;-0.0470481;-0.994163;-0.187481;-0.981865;0.0281564;-0.977458;0.183652;-0.104152;0.214279
600075014;45.5259; 59.0822; 1038.58; 0.0968845;-0.0470286;-0.994184;-0.18752;-0.981857;0.0281715;-0.977471;0.1837;-0.103946;0.212853
600078000;45.5132; 59.0904; 1038.56; 0.0968128;-0.0469972;-0.994192;-0.187493;-0.981862;0.0281565;-0.977483;0.183679;-0.103869;0.213263
600080985;45.5; 59.0996; 1038.55; 0.0968313;-0.0469436;-0.994193;-0.187216;-0.981916;0.0281297;-0.977534;0.183404;-0.103869;0.213397
600083970;45.4899; 59.1041; 1038.53; 0.0967108;-0.0469581;-0.994204;-0.187283;-0.981903;0.0281592;-0.977534;0.183474;-0.103755;0.213883
600086955;45.4786; 59.112; 1038.52; 0.096675;-0.046931;-0.994209;-0.18732;-0.981896;0.0281352;-0.97753;0.183515;-0.103716;0.213475
600089940;45.4704; 59.1181; 1038.51; 0.096605;-0.0468945;-0.994217;-0.187126;-0.981933;0.0281326;-0.977574;0.183326;-0.103635;0.214391
600092925;45.464; 59.1226; 1038.49; 0.096567;-0.0468977;-0.994221;-0.187191;-0.981921;0.0281357;-0.977566;0.183393;-0.1036;0.213529
600095910;45.4555; 59.1278; 1038.49; 0.0965618;-0.0468994;-0.994221;-0.187129;-0.981932;0.0281451;-0.977577;0.18333;-0.103593;0.213964
600098895;45.4521; 59.1293; 1038.47; 0.0965375;-0.0469058;-0.994224;-0.186942;-0.981967;0.0281759;-0.977617;0.183142;-0.103565;0.213393
600101880;45.4494; 59.133; 1038.47; 0.0966435;-0.0469282;-0.994212;-0.186878;-0.981979;0.0281851;-0.977618;0.183073;-0.103672;0.214258
600104865;45.447; 59.1334; 1038.46; 0.0967001;-0.0469926;-0.994204;-0.187003;-0.981954;0.0282249;-0.977588;0.18319;-0.103743;0.214541
600107850;45.446; 59.1362; 1038.46; 0.0967505;-0.0469818;-0.994199;-0.186719;-0.982008;0.0282353;-0.977638;0.182904;-0.103782;0.213715
600110835;45.4465; 59.1375; 1038.45; 0.096783;-0.047027;-0.994194;-0.186963;-0.981961;0.0282479;-0.977588;0.183144;-0.103829;0.213984
600113821;45.4485; 59.1383; 1038.45; 0.0969276;-0.0470769;-0.994178;-0.186828;-0.981986;0.0282848;-0.9776;0.182998;-0.103977;0.213679
600116806;45.4505; 59.1428; 1038.45; 0.0969104;-0.0470139;-0.994182;-0.186442;-0.982059;0.0282666;-0.977675;0.182618;-0.103937;0.214148
600119791;45.4526; 59.1419; 1038.46; 0.0970323;-0.0470732;-0.994167;-0.186387;-0.982069;0.0283085;-0.977673;0.182553;-0.104066;0.21444
600122776;45.4567; 59.1441; 1038.46; 0.0971067;-0.0470868;-0.99416;-0.186495;-0.982048;0.028297;-0.977645;0.182658;-0.104145;0.213834
600125761;45.4607; 59.1462; 1038.45; 0.0970949;-0.0470921;-0.994161;-0.186541;-0.98204;0.0282996;-0.977638;0.182704;-0.104136;0.214226
600128746;45.4632; 59.1474; 1038.46; 0.0971757;-0.0471152;-0.994151;-0.186561;-0.982035;0.0283051;-0.977625;0.182719;-0.10422;0.214338
600131731;45.4667; 59.1496; 1038.47; 0.0972242;-0.0471012;-0.994147;-0.186457;-0.982056;0.0282933;-0.977641;0.182615;-0.104262;0.214382
600134716;45.4737; 59.1511; 1038.46; 0.097052;-0.0470392;-0.994167;-0.186251;-0.982095;0.0282859;-0.977697;0.18242;-0.104075;0.214933
600137701;45.4795; 59.1541; 1038.46; 0.0971811;-0.0470533;-0.994154;-0.186524;-0.982044;0.028247;-0.977632;0.182688;-0.104213;0.21473
600140686;45.4855; 59.1578; 1038.46; 0.0970869;-0.047007;-0.994165;-0.18632;-0.982083;0.0282405;-0.97768;0.182492;-0.104106;0.213573
600143671;45.4935; 59.1626; 1038.47; 0.097092;-0.0469273;-0.994168;-0.18603;-0.98214;0.0281915;-0.977735;0.182208;-0.104088;0.214951
600146656;45.5045; 59.167; 1038.46; 0.0970174;-0.0468652;-0.994179;-0.186254;-0.982099;0.0281201;-0.9777;0.182441;-0.104009;0.215016
600149641;45.5119; 59.1719; 1038.47; 0.0970874;-0.0468357;-0.994173;-0.186249;-0.982102;0.0280787;-0.977694;0.182437;-0.104073;0.214782
600152627;45.5238; 59.1779; 1038.46; 0.0970492;-0.0467444;-0.994181;-0.186176;-0.982118;0.0280032;-0.977712;0.182375;-0.104016;0.214867
600155612;45.5367; 59.1824; 1038.47; 0.0970976;-0.0467041;-0.994179;-0.185779;-0.982193;0.0279968;-0.977783;0.181979;-0.104045;0.21531
600158597;45.5497; 59.1839; 1038.47; 0.0971601;-0.0467746;-0.994169;-0.186171;-0.982118;0.0280131;-0.977702;0.182364;-0.104131;0.21558
600161582;45.562; 59.1866; 1038.47; 0.0970753;-0.0467394;-0.994179;-0.186049;-0.982141;0.0280069;-0.977733;0.182248;-0.104037;0.214985
600164567;45.5749; 59.1881; 1038.48; 0.0971323;-0.0468037;-0.99417;-0.186189;-0.982114;0.0280452;-0.977701;0.18238;-0.104109;0.215893
600167552;45.5863; 59.1914; 1038.49; 0.0972371;-0.0468141;-0.99416;-0.185896;-0.982168;0.0280673;-0.977746;0.182081;-0.104206;0.215131
