[geometry]
count=3
id=339
[fiducial0]
x=0.000000
y=0.000000
z=0.000000
[fiducial1]
x=0.000000
y=28.590000
z=41.020000
[fiducial2]
x=0.000000
y=0.000000
z=88.00000
[fiducial3]
x=0.000000
y=-44.320000
z=40.450000